time, x, y
0.0, -0.002608257558205704, -0.004654495901576876
0.01, 0.0009181193838344323, -0.00935044952007185
0.02, 0.029024200526472727, -0.028233014391149634
0.03, 0.02452263799263124, -0.03181894939790822
0.04, 0.038768673245870404, -0.03290066067207191
0.05, 0.05287664545538595, -0.04559973469642786
0.060000000000000005, 0.06162497574155213, -0.04238542775499015
0.07, 0.05507139681354343, -0.015236355789412192
0.08, 0.05354255124554102, -0.026912790151793067
0.09, 0.0641213852276624, -0.03723467316922845
0.09999999999999999, 0.10025162089311324, -0.053402004947702655
0.10999999999999999, 0.098704735558987, -0.056523657243520306
0.11999999999999998, 0.07282397155783162, -0.02863541423796274
0.12999999999999998, 0.06791059314326486, -0.03624598972511716
0.13999999999999999, 0.0588039121221173, 0.0016893374920205692
0.15, 0.05041393383724377, 0.02935247535766724
0.16, 0.05775986979725257, 0.02098209126057106
0.17, 0.06893220796795643, 0.03590658157553656
0.18000000000000002, 0.09533999109653192, 0.0645983004705171
0.19000000000000003, 0.11147037452950462, 0.0904868321000711
0.20000000000000004, 0.13135047238492484, 0.08934193463080113
0.21000000000000005, 0.11693423361308307, 0.07545893988100244
0.22000000000000006, 0.10665290006370455, 0.032755116918651496
0.23000000000000007, 0.10929425373948233, 0.040793145389354975
0.24000000000000007, 0.1290909584865609, 0.018522092943480582
0.25000000000000006, 0.16145323292903213, 0.015346482381094423
0.26000000000000006, 0.17128315643612635, 0.023496755880602238
0.2700000000000001, 0.20356627697987378, 0.05176304846092842
0.2800000000000001, 0.2244175882533517, 0.030237790555124096
0.2900000000000001, 0.22228376846783943, 0.03580694620910923
0.3000000000000001, 0.19341225884154262, 0.050989446022149255
0.3100000000000001, 0.19525033595796468, 0.04506293314746859
0.3200000000000001, 0.18824871078521088, 0.06885678790290081
0.3300000000000001, 0.1685907394004179, 0.09770846322337723
0.34000000000000014, 0.18157184067503143, 0.1101205408396434
0.35000000000000014, 0.16457064968376475, 0.13609190873249263
0.36000000000000015, 0.17341368418628356, 0.13496940837094085
0.37000000000000016, 0.1623533975832765, 0.13116701343661924
0.38000000000000017, 0.15557683251695764, 0.15888424410284793
0.3900000000000002, 0.18098560498065708, 0.1737619260503471
0.4000000000000002, 0.1927036771465331, 0.19547776759411192
0.4100000000000002, 0.19480914933306526, 0.21221106821363017
0.4200000000000002, 0.17540302106178415, 0.22330930438338822
0.4300000000000002, 0.17419877856087557, 0.2138586761290031
0.4400000000000002, 0.15993282807402598, 0.22444531961921377
0.45000000000000023, 0.16257801543938014, 0.22560832686899945
0.46000000000000024, 0.1739135423943901, 0.2513495220530193
0.47000000000000025, 0.16173188872057345, 0.3009858573456019
0.48000000000000026, 0.16393911337676897, 0.3119905862134929
0.49000000000000027, 0.15782823028294715, 0.3253941366739797
0.5000000000000002, 0.19070245868340366, 0.34112251375142627
0.5100000000000002, 0.1845962551573608, 0.3684405236192225
0.5200000000000002, 0.1896429426079539, 0.39394926252205853
0.5300000000000002, 0.19430188066251605, 0.3725250807823846
0.5400000000000003, 0.19043442475969433, 0.39920272518379285
0.5500000000000003, 0.17140777077505495, 0.43572053611156697
0.5600000000000003, 0.1796812904133323, 0.4193999064470048
0.5700000000000003, 0.20725507549514582, 0.42160579720730257
0.5800000000000003, 0.17603098241693285, 0.420027110184009
0.5900000000000003, 0.2017982527338321, 0.44551926891893934
0.6000000000000003, 0.19818097457436426, 0.44417912772855567
0.6100000000000003, 0.20602701537574236, 0.42991596277269206
0.6200000000000003, 0.19987156803001044, 0.41058082318013234
0.6300000000000003, 0.19618558134800995, 0.4556646571551539
0.6400000000000003, 0.19880356383352135, 0.46307982219952565
0.6500000000000004, 0.1869991167425496, 0.4583664225430188
0.6600000000000004, 0.18610632137664596, 0.4909468195248522
0.6700000000000004, 0.20661921876288028, 0.519338139462766
0.6800000000000004, 0.20581778921129118, 0.5179718904588142
0.6900000000000004, 0.21380481032853726, 0.5277490085615716
0.7000000000000004, 0.24146736372620395, 0.5394054028185108
0.7100000000000004, 0.22974360085625473, 0.5664632439757469
0.7200000000000004, 0.22615637920265325, 0.5784234199837874
0.7300000000000004, 0.24691452252781435, 0.5792905363671866
0.7400000000000004, 0.2687346194844368, 0.5747267376519324
0.7500000000000004, 0.2767332621826044, 0.5603052677103576
0.7600000000000005, 0.2904252608069409, 0.5519737025021045
0.7700000000000005, 0.3174063602111321, 0.5774051375172168
0.7800000000000005, 0.344389175501229, 0.5916407895213758
0.7900000000000005, 0.32853213240288626, 0.5722627115796665
0.8000000000000005, 0.3072685778523332, 0.5750908420701538
0.8100000000000005, 0.29164999897743904, 0.5824637724120698
0.8200000000000005, 0.29082138347542535, 0.6023286551222069
0.8300000000000005, 0.28671223713068045, 0.6005020375365786
0.8400000000000005, 0.2650275341058302, 0.636687190773067
0.8500000000000005, 0.2463687781366464, 0.626511264521635
0.8600000000000005, 0.27255624535373846, 0.6543458545100936
0.8700000000000006, 0.26342638977268185, 0.6438529201361235
0.8800000000000006, 0.2826899795792342, 0.6542803688887979
0.8900000000000006, 0.29894671876393325, 0.668233878692806
0.9000000000000006, 0.31472638930457014, 0.651611503286511
0.9100000000000006, 0.3088439372389336, 0.6473421169168533
0.9200000000000006, 0.3123191451252054, 0.6572605701688268
0.9300000000000006, 0.29361096927344393, 0.6771078011079481
0.9400000000000006, 0.3307759196335002, 0.6334924099321475
0.9500000000000006, 0.3090781156719967, 0.6250961514448663
0.9600000000000006, 0.3512795757888659, 0.6256559115709421
0.9700000000000006, 0.35612743115683804, 0.606974135123262
0.9800000000000006, 0.3594097752936804, 0.5854182374075705
0.9900000000000007, 0.3729853484939661, 0.5753081730759005
1.0000000000000007, 0.3776562172737309, 0.5978867528406027
1.0100000000000007, 0.3787818876823373, 0.5870173779413604
1.0200000000000007, 0.38172886562032804, 0.615605494164341
1.0300000000000007, 0.3777854519787662, 0.627788087305932
1.0400000000000007, 0.38300004587360853, 0.6168422118258999
1.0500000000000007, 0.36914668733573375, 0.5939936521269203
1.0600000000000007, 0.38082520669375153, 0.6062013063124544
1.0700000000000007, 0.4097306198746538, 0.5919666323010229
1.0800000000000007, 0.4083643659061713, 0.5904144306945752
1.0900000000000007, 0.38021462922818283, 0.6011861562805803
1.1000000000000008, 0.3853601712320383, 0.5949071488403742
1.1100000000000008, 0.366321391322852, 0.6365902026812464
1.1200000000000008, 0.3655981757291771, 0.6318252738277832
1.1300000000000008, 0.35383080902756864, 0.6173204323342639
1.1400000000000008, 0.3496259220698327, 0.6316556627795663
1.1500000000000008, 0.34028915636647583, 0.6470952221018411
1.1600000000000008, 0.33434405746787754, 0.6324893657963168
1.1700000000000008, 0.33106838735980315, 0.6588627932673057
1.1800000000000008, 0.3303366569406758, 0.7036324068990681
1.1900000000000008, 0.32671205415641114, 0.7076229496773526
1.2000000000000008, 0.32332091164183124, 0.6860427699637659
1.2100000000000009, 0.31515153118577877, 0.6641954897717379
1.2200000000000009, 0.3166073487177218, 0.65147053462126
1.2300000000000009, 0.29865016196635147, 0.655994513459085
1.2400000000000009, 0.30676608376803455, 0.6742429286623369
1.2500000000000009, 0.299236194944247, 0.6828853398589416
1.260000000000001, 0.2806133276349686, 0.6596592279343204
1.270000000000001, 0.29758265283058405, 0.6381076083212067
1.280000000000001, 0.28395096925835916, 0.6650374458848116
1.290000000000001, 0.28542779255942385, 0.6633287859798086
1.300000000000001, 0.311625388495635, 0.6905287844736392
1.310000000000001, 0.3324754265982437, 0.7224773298992438
1.320000000000001, 0.32922317275916557, 0.720440223377502
1.330000000000001, 0.3287769873350313, 0.7278622976366332
1.340000000000001, 0.3520578523858954, 0.7289403577404707
1.350000000000001, 0.37529574838414853, 0.7092036736740595
1.360000000000001, 0.36167572790224084, 0.7111207140128367
1.370000000000001, 0.36114242148170517, 0.7069898424102368
1.380000000000001, 0.37258915108772395, 0.6968425684229607
1.390000000000001, 0.37581421620665617, 0.6841633282030413
1.400000000000001, 0.3919541102286553, 0.7165993011703481
1.410000000000001, 0.3762962749995036, 0.7349001069521337
1.420000000000001, 0.3485703762599349, 0.7307351545106018
1.430000000000001, 0.347642395401385, 0.7458935814000809
1.440000000000001, 0.34441716488764057, 0.7736231887005498
1.450000000000001, 0.3224323029813081, 0.7717365733823365
1.460000000000001, 0.3195114489070115, 0.8026635939946212
1.470000000000001, 0.3011400905651766, 0.8346044265637415
1.480000000000001, 0.30060433251542856, 0.8204953386332619
1.490000000000001, 0.30600311336486574, 0.8011149706200709
1.500000000000001, 0.2876185123001093, 0.7879570492312831
1.5100000000000011, 0.2819818612357946, 0.7729784779984501
1.5200000000000011, 0.31447200106273854, 0.7656537804849504
1.5300000000000011, 0.3164999105599042, 0.7932427215303116
1.5400000000000011, 0.33868419706975256, 0.7710550139418806
1.5500000000000012, 0.349727182037154, 0.7725315109573548
1.5600000000000012, 0.3404442655016297, 0.7673339478270254
1.5700000000000012, 0.3128685994295941, 0.755898350216794
1.5800000000000012, 0.34192537137681184, 0.78252393249495
1.5900000000000012, 0.33168783448643363, 0.7827462560294465
1.6000000000000012, 0.3237340481822971, 0.8086759650998027
1.6100000000000012, 0.3262373699006956, 0.8127463590894287
1.6200000000000012, 0.30864617772141606, 0.8103874392199908
1.6300000000000012, 0.2903071321830542, 0.8218251536109062
1.6400000000000012, 0.30216106952924393, 0.7828835236140841
1.6500000000000012, 0.3130555291869713, 0.7842351529809589
1.6600000000000013, 0.33522443974862287, 0.7674981375594198
1.6700000000000013, 0.3632041902507152, 0.7941414300185407
1.6800000000000013, 0.3628719472298597, 0.8190650604808998
1.6900000000000013, 0.39136721713275113, 0.8302407896346606
1.7000000000000013, 0.38137695891838846, 0.8229966969960814
1.7100000000000013, 0.3776192328656623, 0.8495757191578192
1.7200000000000013, 0.4071314568328839, 0.86206322661281
1.7300000000000013, 0.3938327221747565, 0.8661618789920614
1.7400000000000013, 0.403812085132903, 0.8398964955223316
1.7500000000000013, 0.4540197313460602, 0.8658189793623795
1.7600000000000013, 0.4750245834821554, 0.8491671029210837
1.7700000000000014, 0.4714709998386848, 0.8768928508451171
1.7800000000000014, 0.4529624473662517, 0.9127043111271911
1.7900000000000014, 0.4526265029949531, 0.9227479097983472
1.8000000000000014, 0.4547918471070844, 0.9002940054751749
1.8100000000000014, 0.44591686514255163, 0.8828261774817874
1.8200000000000014, 0.4452123542661033, 0.8712753772347693
1.8300000000000014, 0.4691983946647297, 0.8624396485764652
1.8400000000000014, 0.4862940240614178, 0.8992420223909503
1.8500000000000014, 0.4855764329374816, 0.930965681375582
1.8600000000000014, 0.48875916826828064, 0.9180068608860984
1.8700000000000014, 0.5223459615911649, 0.9248028995608928
1.8800000000000014, 0.5280194719769234, 0.9048587519202003
1.8900000000000015, 0.5232499377945122, 0.8831639026635119
1.9000000000000015, 0.5358470327145702, 0.9112517021765256
1.9100000000000015, 0.5151611137725761, 0.8983151814294504
1.9200000000000015, 0.5061539292732995, 0.9056413033386636
1.9300000000000015, 0.4815624693513006, 0.8887926457803127
1.9400000000000015, 0.48679322276143827, 0.9298435178368853
1.9500000000000015, 0.48365256832799497, 0.95163500753718
1.9600000000000015, 0.5211423955958068, 0.9831559704073145
1.9700000000000015, 0.5329898788340836, 1.0105160837358993
1.9800000000000015, 0.5085712419047745, 1.0058004345043632
1.9900000000000015, 0.537283876893449, 0.9854994383580888
2.0000000000000013, 0.5430998515318346, 0.9414785350473913
2.010000000000001, 0.5705322753111047, 0.8976465834975146
2.020000000000001, 0.5966150558674188, 0.9115861298217344
2.0300000000000007, 0.5688708529156314, 0.9156184358066733
2.0400000000000005, 0.5798129443752654, 0.9230367947519057
2.0500000000000003, 0.5817037690719159, 0.903266547399133
2.06, 0.5595548852398923, 0.8991088390458187
2.07, 0.553983757267697, 0.9131202329356984
2.0799999999999996, 0.5559066498036271, 0.908845439516122
2.0899999999999994, 0.5893192688920049, 0.9216072253353638
2.099999999999999, 0.5888443630895389, 0.9223546608618446
2.109999999999999, 0.5641107917484497, 0.9370500149014463
2.1199999999999988, 0.5506881476749365, 0.9049758646157946
2.1299999999999986, 0.5558110654458451, 0.9245319477739209
2.1399999999999983, 0.5133941819540345, 0.920220607864161
2.149999999999998, 0.49987662975366115, 0.9156091656659496
2.159999999999998, 0.5114431770429878, 0.8717508708094535
2.1699999999999977, 0.5137345032774138, 0.8756768856474559
2.1799999999999975, 0.5399981246032978, 0.8558570517388272
2.1899999999999973, 0.551305620311249, 0.8677461110951826
2.199999999999997, 0.5563300504158256, 0.8752822882646951
2.209999999999997, 0.5648473904688415, 0.894959418089176
2.2199999999999966, 0.5612171096700338, 0.8823577051177379
2.2299999999999964, 0.5575588666262383, 0.8677778212773303
2.239999999999996, 0.5946481502929977, 0.8905655221063026
2.249999999999996, 0.5759264247699818, 0.8709278935445547
2.259999999999996, 0.5384293363957908, 0.9030059462437545
2.2699999999999956, 0.588523698310314, 0.9582738076113422
2.2799999999999954, 0.5995464508570119, 0.97897503806068
2.289999999999995, 0.5879943347338632, 1.0276993886712864
2.299999999999995, 0.5606227398176497, 1.0227053916107265
2.3099999999999947, 0.5892803325822294, 1.0324844493668857
2.3199999999999945, 0.5887034654379277, 1.0571469763690942
2.3299999999999943, 0.5885055924228646, 1.039433774867389
2.339999999999994, 0.6108220152204482, 1.049224913016814
2.349999999999994, 0.5896454035481983, 1.0847656763099667
2.3599999999999937, 0.591631184819701, 1.0943575416444988
2.3699999999999934, 0.6194165597897957, 1.104045256296436
2.3799999999999932, 0.6063812542534892, 1.0862114218631291
2.389999999999993, 0.59331736967893, 1.070939367539651
2.399999999999993, 0.6318125244158174, 1.081778633329565
2.4099999999999926, 0.6186883213939662, 1.0852149752336797
2.4199999999999924, 0.6185140387676186, 1.095028738350259
2.429999999999992, 0.6523512341045888, 1.0655862094468906
2.439999999999992, 0.6520391131253997, 1.0901908811623913
2.4499999999999917, 0.6466410372527694, 1.0994841920581429
2.4599999999999915, 0.6663497220211005, 1.143546939519377
2.4699999999999913, 0.6929793921351113, 1.1207721272233324
2.479999999999991, 0.6778155244443704, 1.130055250988388
2.489999999999991, 0.7116375668790486, 1.1148102166177227
2.4999999999999907, 0.715536940936523, 1.1261941303844916
2.5099999999999905, 0.7659154130648442, 1.1171248362309234
2.5199999999999902, 0.793950495630506, 1.1208631923818446
2.52999999999999, 0.83117307987623, 1.121130984871404
2.53999999999999, 0.8334305001365938, 1.1118810478129124
2.5499999999999896, 0.8623042896303257, 1.1026842476193996
2.5599999999999894, 0.8672201725298644, 1.098493957683633
2.569999999999989, 0.9003816739144266, 1.0874530208484916
2.579999999999989, 0.8944264279365319, 1.0882993910823202
2.5899999999999888, 0.8976535378535908, 1.0836470281026438
2.5999999999999885, 0.8878717305273193, 1.1253233031934349
2.6099999999999883, 0.8451930873629657, 1.1065640209131253
2.619999999999988, 0.8411563478912419, 1.092045569280969
2.629999999999988, 0.8699260198440071, 1.1040172114633213
2.6399999999999877, 0.8836602514415361, 1.104663988475075
2.6499999999999875, 0.8586100928092762, 1.123119069013095
2.6599999999999873, 0.8877900864377989, 1.1187030700678042
2.669999999999987, 0.9020386014372704, 1.1742880560006115
2.679999999999987, 0.9014124964123291, 1.1759500242301975
2.6899999999999866, 0.8980120134011156, 1.163140368747002
2.6999999999999864, 0.9061420399167637, 1.1650079225577306
2.709999999999986, 0.8909052540179805, 1.2020275600672514
2.719999999999986, 0.9172669413850832, 1.232982681742612
2.7299999999999858, 0.9165137222796096, 1.2334884648548754
2.7399999999999856, 0.9330025033326625, 1.241838099051307
2.7499999999999853, 0.9116616063823354, 1.2643059120913305
2.759999999999985, 0.9018416936129324, 1.2919892411496325
2.769999999999985, 0.915261639978419, 1.304639273165328
2.7799999999999847, 0.9208600792587411, 1.3311040521832789
2.7899999999999845, 0.8937858613941889, 1.379144752696309
2.7999999999999843, 0.9116712397387208, 1.422417848812279
2.809999999999984, 0.8973561257023077, 1.413766903758103
2.819999999999984, 0.9034646029207573, 1.4482027483123256
2.8299999999999836, 0.9006802975277965, 1.432665608532102
2.8399999999999834, 0.8923799231953902, 1.4333631272791896
2.849999999999983, 0.883103004565448, 1.4246665030175385
2.859999999999983, 0.9000161781291137, 1.4641425588090056
2.869999999999983, 0.9244686814388418, 1.4735326134917421
2.8799999999999826, 0.9008787095528581, 1.4855095974732964
2.8899999999999824, 0.8920046344728908, 1.4606358678838731
2.899999999999982, 0.9211455426955281, 1.4794327471619082
2.909999999999982, 0.948497772963441, 1.4875871731057706
2.9199999999999817, 0.958304467998646, 1.5052470474109398
2.9299999999999815, 0.9501937996211368, 1.501435891296717
2.9399999999999813, 0.9439856077928218, 1.499970219048378
2.949999999999981, 0.9248132389352282, 1.5075424949439296
2.959999999999981, 0.9454429769288478, 1.5497999257330994
2.9699999999999807, 0.9502468269038021, 1.5423415499328696
2.9799999999999804, 1.0081455452857904, 1.507763857626452
2.9899999999999802, 1.0424167204864032, 1.5215967188653012
2.99999999999998, 1.0299440216686184, 1.4997932546255328
3.00999999999998, 1.0193807843814837, 1.4983540141075171
3.0199999999999796, 1.0114213538534438, 1.4914104613726227
3.0299999999999794, 1.0154820769695183, 1.4809481661520052
3.039999999999979, 1.037287545672977, 1.493247564428325
3.049999999999979, 1.0465670661638795, 1.502415569987881
3.0599999999999787, 1.0527617790443924, 1.532865273782099
3.0699999999999785, 1.0621991554013794, 1.519236569069216
3.0799999999999783, 1.0624200656275997, 1.5247771457055033
3.089999999999978, 1.0601571533579375, 1.5302544816235948
3.099999999999978, 1.0558029044221493, 1.542224986843204
3.1099999999999777, 1.0415396689743066, 1.5179458883172512
3.1199999999999775, 1.0620277499806992, 1.5013073249800695
3.1299999999999772, 1.0823898548871602, 1.5273895186879813
3.139999999999977, 1.063091194471539, 1.5372810766448721
3.149999999999977, 1.0794831066191328, 1.4915350653125738
3.1599999999999766, 1.1097194518899003, 1.5047212282481999
3.1699999999999764, 1.142937403536822, 1.4773763329065586
3.179999999999976, 1.1807241796304244, 1.5045455260845573
3.189999999999976, 1.175864216997192, 1.5163301252731747
3.1999999999999758, 1.1789362717367005, 1.5269213660187086
3.2099999999999755, 1.1833971887501298, 1.5058639649669705
3.2199999999999753, 1.176619157304035, 1.4988568429718303
3.229999999999975, 1.2065707807277748, 1.481201253074622
3.239999999999975, 1.2634547181385527, 1.4680178054020203
3.2499999999999747, 1.2418823025769326, 1.4755417102906594
3.2599999999999745, 1.2326465808743625, 1.4711354644231134
3.2699999999999743, 1.2051354171309248, 1.5155262618711758
3.279999999999974, 1.217206579613068, 1.5101440873457073
3.289999999999974, 1.1901025379428192, 1.5024276901587208
3.2999999999999736, 1.1849862553428925, 1.5292890110652222
3.3099999999999734, 1.1852519715365581, 1.5319375181456727
3.319999999999973, 1.2123644676875842, 1.5583857707938498
3.329999999999973, 1.2128739731044473, 1.546631157183379
3.3399999999999728, 1.2002478976522726, 1.5772189581797744
3.3499999999999726, 1.2069131231918082, 1.5606846389125288
3.3599999999999723, 1.1918860371968432, 1.5665419470081978
3.369999999999972, 1.208129555571127, 1.5580580903106924
3.379999999999972, 1.1987348230124795, 1.5180097618837733
3.3899999999999717, 1.2365767886362107, 1.5100497448160584
3.3999999999999715, 1.247732527837955, 1.4981011322029203
3.4099999999999713, 1.2325029296422865, 1.4744543159325658
3.419999999999971, 1.2520040484877246, 1.483733088303783
3.429999999999971, 1.281428648082051, 1.4879162465685398
3.4399999999999706, 1.2537234820704635, 1.4988459382630497
3.4499999999999704, 1.2353634944420775, 1.508266072338352
3.45999999999997, 1.2409234753365672, 1.5180133389186987
3.46999999999997, 1.2447967614224753, 1.5440901813811558
3.47999999999997, 1.291271619707214, 1.525867618874025
3.4899999999999696, 1.2966481453629524, 1.5258715874636322
3.4999999999999694, 1.305074751683602, 1.5364726506162536
3.509999999999969, 1.3017564729637678, 1.538317843589906
3.519999999999969, 1.3391964201118673, 1.5403399324451992
3.5299999999999687, 1.3411076269191886, 1.5517178275654966
3.5399999999999685, 1.3441953071713817, 1.5226989903452073
3.5499999999999683, 1.3897292163428387, 1.5209379132831866
3.559999999999968, 1.3940313144225498, 1.5326784803089193
3.569999999999968, 1.4390881654725156, 1.5452158450979694
3.5799999999999677, 1.4157307908498515, 1.546810288983525
3.5899999999999674, 1.4274705246835804, 1.5922900140780138
3.5999999999999672, 1.4369016646903032, 1.5880460712028222
3.609999999999967, 1.4177424493120185, 1.5449902700728604
3.619999999999967, 1.4191228808218086, 1.5438942275849943
3.6299999999999666, 1.417324814124165, 1.5937480214031576
3.6399999999999664, 1.4222963841421978, 1.5741121304593666
3.649999999999966, 1.4551650313938038, 1.55838678679885
3.659999999999966, 1.4456739662333171, 1.5546438713989266
3.6699999999999657, 1.4439709057638768, 1.5513400287174863
3.6799999999999655, 1.4421147336933597, 1.5529355583989535
3.6899999999999653, 1.4491181497997023, 1.5282546744482601
3.699999999999965, 1.444345971061577, 1.5620515873428273
3.709999999999965, 1.4246407917350086, 1.5415651445372198
3.7199999999999647, 1.4525163462577069, 1.5496881615334765
3.7299999999999645, 1.4501846200442552, 1.5440416083068533
3.7399999999999642, 1.4522823001855083, 1.5726140258046601
3.749999999999964, 1.4397051873131879, 1.6097442131025408
3.759999999999964, 1.4243727664424097, 1.5973157419342554
3.7699999999999636, 1.4081754760446359, 1.6183347239280845
3.7799999999999634, 1.4255738243583123, 1.5962141371602814
3.789999999999963, 1.4249124229456525, 1.6245758761254336
3.799999999999963, 1.433417274642325, 1.6281373461817372
3.8099999999999627, 1.4499803088250063, 1.6208965862485833
3.8199999999999625, 1.4821074047532918, 1.649185988907685
3.8299999999999623, 1.4610548883288692, 1.629577405735439
3.839999999999962, 1.4448655940957242, 1.6456195152519315
3.849999999999962, 1.426667076938839, 1.6408128425491448
3.8599999999999617, 1.428740077089883, 1.6297771209166674
3.8699999999999615, 1.4430306652382265, 1.61779436839838
3.8799999999999613, 1.4269148212601657, 1.6330542218836874
3.889999999999961, 1.455279140211466, 1.6307354325244052
3.899999999999961, 1.451654625949534, 1.6403028240728061
3.9099999999999606, 1.4738572251895707, 1.6263416802783481
3.9199999999999604, 1.4942410243834088, 1.6226693990403664
3.92999999999996, 1.531215504090406, 1.6040156062020197
3.93999999999996, 1.5849038004633487, 1.638119812099864
3.9499999999999598, 1.5832523935836138, 1.647437815290265
3.9599999999999596, 1.5792286084776375, 1.6207082943939994
3.9699999999999593, 1.5960854651509893, 1.6190585769770902
3.979999999999959, 1.624021515869593, 1.637337348509988
3.989999999999959, 1.6293359604103739, 1.6207502971372207
3.9999999999999587, 1.65190653140777, 1.614938790262577
4.009999999999959, 1.635757215978415, 1.6251252082459469
4.019999999999959, 1.68750245511372, 1.6153068678898512
4.0299999999999585, 1.683289779946092, 1.6071280948650652
4.039999999999958, 1.6935392321116551, 1.5870611869955824
4.049999999999958, 1.6736569280059517, 1.5819410339886675
4.059999999999958, 1.6961483974061704, 1.5622731075595768
4.069999999999958, 1.6798820418404465, 1.557083723622324
4.079999999999957, 1.6780063533910459, 1.563728293435732
4.089999999999957, 1.654863388430199, 1.5709131244418109
4.099999999999957, 1.6857414547884975, 1.5527841497922987
4.109999999999957, 1.666846528393769, 1.5325224056983995
4.119999999999957, 1.6945956026716738, 1.5036356232108965
4.129999999999956, 1.6825104400836588, 1.527140548524248
4.139999999999956, 1.6890965390758959, 1.5200595506770533
4.149999999999956, 1.707570344988634, 1.539949039554356
4.159999999999956, 1.7056972792107146, 1.5303256719901406
4.1699999999999555, 1.7032575690055607, 1.5408096791822523
4.179999999999955, 1.6826708619377904, 1.5090485382193126
4.189999999999955, 1.7163818409395375, 1.5079681199155124
4.199999999999955, 1.7397678704477668, 1.516264699518034
4.209999999999955, 1.7527127814584151, 1.5505700860288076
4.2199999999999545, 1.7913321390782335, 1.54879402285948
4.229999999999954, 1.783413471992541, 1.5709997063125964
4.239999999999954, 1.8001033105134157, 1.5783668019656625
4.249999999999954, 1.7856120741358017, 1.5974226263604698
4.259999999999954, 1.8104589024895124, 1.5952629289808258
4.269999999999953, 1.7899397875363507, 1.6182003217321799
4.279999999999953, 1.8246521826565818, 1.610125480769078
4.289999999999953, 1.8214102765599487, 1.6329371320053212
4.299999999999953, 1.8400761946197848, 1.6705795929998786
4.3099999999999525, 1.8751865676761628, 1.6620122714221364
4.319999999999952, 1.889820846107445, 1.6679748630298943
4.329999999999952, 1.907359605706397, 1.6711602070939027
4.339999999999952, 1.9126629491287483, 1.6781933403491522
4.349999999999952, 1.964427375537179, 1.6637115419838358
4.3599999999999515, 1.928733788389548, 1.6554856198922596
4.369999999999951, 1.9542228006746631, 1.6328905425136222
4.379999999999951, 1.9310900624153755, 1.6492435141977655
4.389999999999951, 1.9477802902420709, 1.6413054889812837
4.399999999999951, 1.9435128996817637, 1.614686482679857
4.40999999999995, 1.9486450943599123, 1.6120532238194802
4.41999999999995, 1.9366557270086355, 1.6459895341858952
4.42999999999995, 1.948023137746605, 1.6381096350642363
4.43999999999995, 1.9593613153961837, 1.6556049159167694
4.4499999999999496, 1.9661188924664763, 1.6801927441524414
4.459999999999949, 2.0243094118148224, 1.6959138478015667
4.469999999999949, 2.0553088643794455, 1.6833017877302638
4.479999999999949, 2.0434841670660084, 1.6775306369864529
4.489999999999949, 2.0822728934301384, 1.6778554894158761
4.4999999999999485, 2.0978654228517457, 1.678720900105622
4.509999999999948, 2.0878181748777216, 1.6554698535568082
4.519999999999948, 2.112618974792189, 1.6397399545914908
4.529999999999948, 2.156429359810391, 1.6203748129427238
4.539999999999948, 2.1599058053290365, 1.58637364330758
4.549999999999947, 2.1737618555448783, 1.5652033454174255
4.559999999999947, 2.1795227197927174, 1.5713059954945063
4.569999999999947, 2.19160901960259, 1.550562365996884
4.579999999999947, 2.2152733837323004, 1.5373604473998295
4.589999999999947, 2.2208972663109043, 1.5442896475247638
4.599999999999946, 2.2129120933375934, 1.5722528757908323
4.609999999999946, 2.1886832469201605, 1.5755236028134192
4.619999999999946, 2.184513754084522, 1.5763383350657643
4.629999999999946, 2.1821549335974058, 1.603088521948124
4.6399999999999455, 2.239606845940551, 1.6154675287883744
4.649999999999945, 2.2364767065910716, 1.6154150815782073
4.659999999999945, 2.242812198491641, 1.6146087226798673
4.669999999999945, 2.2486790956466645, 1.6230253106115449
4.679999999999945, 2.2461221651455285, 1.635808142220843
4.689999999999944, 2.273339976590801, 1.6250084958971398
4.699999999999944, 2.2665331331095193, 1.5981081311545988
4.709999999999944, 2.2930279734842904, 1.5849703153528092
4.719999999999944, 2.305867405210351, 1.6161994674076339
4.729999999999944, 2.3088673481671504, 1.6162653044846973
4.739999999999943, 2.3020945858885273, 1.624551586673442
4.749999999999943, 2.295122105281617, 1.6063357770329436
4.759999999999943, 2.2967584452267964, 1.5731743593754284
4.769999999999943, 2.3189561918651305, 1.5771599995144114
4.7799999999999425, 2.3549373209257674, 1.5940386629536136
4.789999999999942, 2.3706302804046775, 1.570010994969311
4.799999999999942, 2.3507233932816494, 1.5807342693989368
4.809999999999942, 2.3247422063409235, 1.569748131722598
4.819999999999942, 2.351543683038302, 1.5539751191905065
4.8299999999999415, 2.4068386740793435, 1.5107303106199037
4.839999999999941, 2.404979905330902, 1.4907565996334318
4.849999999999941, 2.4327120356983833, 1.4778549296635637
4.859999999999941, 2.4440160420910155, 1.5218396061109798
4.869999999999941, 2.492614980265972, 1.4990518233964485
4.87999999999994, 2.4705900973295853, 1.4972458985538888
4.88999999999994, 2.4512781889796575, 1.5038892594021467
4.89999999999994, 2.4521261068668734, 1.4726737849669478
4.90999999999994, 2.4300334934222776, 1.4721788764641413
4.9199999999999395, 2.443262228020525, 1.4443687439220245
4.929999999999939, 2.475447615480913, 1.444856682270446
4.939999999999939, 2.4526112810653125, 1.4584291015469988
4.949999999999939, 2.4627232739111484, 1.4211265785993827
4.959999999999939, 2.460591509929115, 1.420728014434454
4.9699999999999385, 2.4458924386579377, 1.4413577130414612
4.979999999999938, 2.4293553426801164, 1.4110792704753674
4.989999999999938, 2.4301979678431955, 1.3978404158881987
4.999999999999938, 2.4136681490836076, 1.396246745647358
5.009999999999938, 2.414248268657331, 1.4118951722062096
5.019999999999937, 2.403884977914999, 1.386126396570556
5.029999999999937, 2.36566415655132, 1.4197290699595067
5.039999999999937, 2.3868094909788975, 1.4456668306127558
5.049999999999937, 2.394411518626758, 1.4497073761701875
5.0599999999999365, 2.3797108290935256, 1.409723425556161
5.069999999999936, 2.378270542203302, 1.4347647155882657
5.079999999999936, 2.39028331583129, 1.4186313716118677
5.089999999999936, 2.394465348466437, 1.4025050617191428
5.099999999999936, 2.3878283137690635, 1.3694040629486082
5.1099999999999355, 2.349722127679812, 1.3723957171297207
5.119999999999935, 2.3641435462460447, 1.382436944181839
5.129999999999935, 2.3509273392192465, 1.403811693526547
5.139999999999935, 2.373451147869242, 1.3881828045491853
5.149999999999935, 2.374966240057071, 1.3954268775943428
5.159999999999934, 2.3911896853459322, 1.3983811484353426
5.169999999999934, 2.395864182713475, 1.394821694303885
5.179999999999934, 2.4239367791988298, 1.3966142250653644
5.189999999999934, 2.4138726893545686, 1.3995197388168967
5.199999999999934, 2.4157085761829786, 1.3958819848282764
5.209999999999933, 2.4012698177020306, 1.3870163652876237
5.219999999999933, 2.379654153618326, 1.3911776870553059
5.229999999999933, 2.3733083587069923, 1.3841839080647618
5.239999999999933, 2.361075574229758, 1.3715427071164705
5.2499999999999325, 2.3570421640780115, 1.3491998302821877
5.259999999999932, 2.355880560871829, 1.3363912712352228
5.269999999999932, 2.3179960218643685, 1.3327618328491235
5.279999999999932, 2.3040968916125957, 1.310690492585747
5.289999999999932, 2.2791045896973823, 1.3371857705453543
5.299999999999931, 2.299695050212611, 1.3130866686770684
5.309999999999931, 2.293668018517073, 1.3122043447662404
5.319999999999931, 2.2724931808222943, 1.3377814829131027
5.329999999999931, 2.2861727580068325, 1.3076164410189555
5.339999999999931, 2.2778522204570657, 1.2536259767432825
5.34999999999993, 2.259244070347333, 1.2795461757178925
5.35999999999993, 2.2755103313611365, 1.2643169053976155
5.36999999999993, 2.2639795719446716, 1.2282952229568909
5.37999999999993, 2.296356819174892, 1.2201189616601131
5.3899999999999295, 2.2803784685029704, 1.2252395023774398
5.399999999999929, 2.288652416011528, 1.193153021240613
5.409999999999929, 2.2680510129151736, 1.1447426658534223
5.419999999999929, 2.2497940955717146, 1.1369275846029954
5.429999999999929, 2.2740589469145025, 1.1205091050595268
5.4399999999999284, 2.2535720807067867, 1.0912476700015972
5.449999999999928, 2.2734574104047263, 1.0499959646932193
5.459999999999928, 2.2880795627261428, 1.0280237345659697
5.469999999999928, 2.2672982698724256, 1.0303805680415832
5.479999999999928, 2.2708239877128844, 1.0485289724035307
5.489999999999927, 2.2821927510581204, 1.0437838508359765
5.499999999999927, 2.267722343632735, 1.012573398232742
5.509999999999927, 2.265091126269281, 1.0043952200616706
5.519999999999927, 2.241137892460042, 0.9818789943727101
5.5299999999999265, 2.2260512639740995, 0.9444035257406271
5.539999999999926, 2.2322320796228663, 0.9367587165036344
5.549999999999926, 2.2172891541749613, 0.9233430023054631
5.559999999999926, 2.229828896547085, 0.9279207384844703
5.569999999999926, 2.2588840482574915, 0.9103772092461928
5.5799999999999255, 2.2175244913912433, 0.9139104413973638
5.589999999999925, 2.203543864513712, 0.908196220191486
5.599999999999925, 2.1956471230935373, 0.8838105502830391
5.609999999999925, 2.178317416618225, 0.8783465350079356
5.619999999999925, 2.172139347746073, 0.88229925076618
5.629999999999924, 2.202708584666116, 0.8839900417514099
5.639999999999924, 2.194588887808789, 0.8668004802972783
5.649999999999924, 2.1994961011522616, 0.8730130106268215
5.659999999999924, 2.1904128853563445, 0.8549186498846276
5.6699999999999235, 2.154392754099497, 0.8359089249423878
5.679999999999923, 2.1133166581708913, 0.8430902530383273
5.689999999999923, 2.1478127652783803, 0.8219639765949586
5.699999999999923, 2.124468726991559, 0.8505393070862781
5.709999999999923, 2.129228615072504, 0.8919011918093315
5.7199999999999225, 2.1455788999778296, 0.8770628182648842
5.729999999999922, 2.119228571537608, 0.8466645883002875
5.739999999999922, 2.1112608731084888, 0.8659566967892908
5.749999999999922, 2.1181657580977755, 0.8723621757216699
5.759999999999922, 2.176008646788419, 0.8798648160330235
5.769999999999921, 2.1679237668181295, 0.8461581595258072
5.779999999999921, 2.1478040446482707, 0.8188116013744484
5.789999999999921, 2.18232761071909, 0.8474079327006593
5.799999999999921, 2.161598477268605, 0.8441451835474196
5.809999999999921, 2.14089215834352, 0.8777985399645571
5.81999999999992, 2.1566889395153104, 0.8704562193020237
5.82999999999992, 2.157430241876784, 0.8498906606281027
5.83999999999992, 2.148658012012213, 0.8835154300706356
5.84999999999992, 2.146706799822426, 0.8781655945834848
5.8599999999999195, 2.1449636230623828, 0.8743649702934664
5.869999999999919, 2.1569826833194674, 0.8501509231121755
5.879999999999919, 2.161720405508097, 0.8383322902993336
5.889999999999919, 2.150609065198193, 0.8143149098243132
5.899999999999919, 2.1690752628031453, 0.7999307340937689
5.909999999999918, 2.1527219764240644, 0.7707270034479883
5.919999999999918, 2.151000588772313, 0.7955920768380458
5.929999999999918, 2.165066242577126, 0.8080932623298178
5.939999999999918, 2.1762600796292886, 0.7990131555085002
5.949999999999918, 2.200985504177482, 0.818432234848777
5.959999999999917, 2.1920284707745257, 0.8218498427114533
5.969999999999917, 2.181760719512286, 0.8411519874678053
5.979999999999917, 2.186082728228812, 0.8468723322934689
5.989999999999917, 2.190223490028299, 0.813288880567945
5.9999999999999165, 2.190733319409687, 0.7972381191836064
6.009999999999916, 2.195143867492136, 0.7752697274694159
6.019999999999916, 2.191807700151891, 0.7992194270285556
6.029999999999916, 2.192376835294589, 0.8279258993401065
6.039999999999916, 2.222087051309312, 0.8211262858604839
6.0499999999999154, 2.251790677571582, 0.8294329564988867
6.059999999999915, 2.225464420407778, 0.8052687000081411
6.069999999999915, 2.2021744177038904, 0.793604720021867
6.079999999999915, 2.230927520307295, 0.7749899793547825
6.089999999999915, 2.260285658667782, 0.7505713437939127
6.099999999999914, 2.2608847008503203, 0.7593127679432448
6.109999999999914, 2.261933977875334, 0.7843662743815407
6.119999999999914, 2.2715822411738293, 0.7840377423236768
6.129999999999914, 2.3013351759983927, 0.7868898219080986
6.1399999999999135, 2.3316815508911537, 0.7889365022278354
6.149999999999913, 2.3299997384065194, 0.7965169279695745
6.159999999999913, 2.3343084543431436, 0.760052945887329
6.169999999999913, 2.3566411884722043, 0.775370986048923
6.179999999999913, 2.414524494530277, 0.7585728519611282
6.1899999999999125, 2.4309610014835896, 0.7450194658302912
6.199999999999912, 2.4606864148741656, 0.7382670460272146
6.209999999999912, 2.4527153324416187, 0.7796540028221833
6.219999999999912, 2.4625938880025813, 0.7721955985629173
6.229999999999912, 2.4503906187090148, 0.7739049314352849
6.239999999999911, 2.4302002350245298, 0.7534628447092243
6.249999999999911, 2.421219744715246, 0.7554405411987256
6.259999999999911, 2.3852539367172674, 0.7582740902438747
6.269999999999911, 2.373171646567196, 0.7437678911777138
6.2799999999999105, 2.3872106246124463, 0.7368096269410861
6.28999999999991, 2.3750155962812487, 0.765554484349471
6.29999999999991, 2.345617695088311, 0.7144105197179866
6.30999999999991, 2.3380774194235916, 0.7090347330511265
6.31999999999991, 2.3175519102224755, 0.68001661969882
6.3299999999999095, 2.340061438813209, 0.7001531197578121
6.339999999999909, 2.331273972877078, 0.6885413478978547
6.349999999999909, 2.329819369485465, 0.6620419589752187
6.359999999999909, 2.342876669019821, 0.6468972146497687
6.369999999999909, 2.334182510231469, 0.667648784764879
6.379999999999908, 2.3386080919093852, 0.6878635289613961
6.389999999999908, 2.3353724637516997, 0.7006972198689494
6.399999999999908, 2.315460807472802, 0.6977804995354391
6.409999999999908, 2.3284605235901106, 0.6953566299844817
6.419999999999908, 2.3140320864992012, 0.7081452042926054
6.429999999999907, 2.341851607373283, 0.6992153153369742
6.439999999999907, 2.3485365276345083, 0.6821065868219764
6.449999999999907, 2.358351908258211, 0.6706352027532769
6.459999999999907, 2.380730760776939, 0.7085993223350416
6.4699999999999065, 2.3850548702100327, 0.7162535910215551
6.479999999999906, 2.377487588911892, 0.692848651530457
6.489999999999906, 2.381341453410368, 0.7080687485870087
6.499999999999906, 2.373795277073222, 0.6905127178929572
6.509999999999906, 2.3505968055480997, 0.6577909639112336
6.519999999999905, 2.364827761693157, 0.6774082688810621
6.529999999999905, 2.345684237760351, 0.6988170684610714
6.539999999999905, 2.3500474856204057, 0.7140500346322565
6.549999999999905, 2.335570528092768, 0.755937250544627
6.559999999999905, 2.3406331145290755, 0.734948402998403
6.569999999999904, 2.3235472773759187, 0.7045385162515237
6.579999999999904, 2.381616374226095, 0.6998740817858208
6.589999999999904, 2.3792630659783196, 0.678259995607463
6.599999999999904, 2.3657277203459035, 0.6495931034138445
6.6099999999999035, 2.399665475646856, 0.6750484437682065
6.619999999999903, 2.403156862787031, 0.6785315988313131
6.629999999999903, 2.4217659064913533, 0.6845254334419624
6.639999999999903, 2.4224192080434404, 0.6973507094250236
6.649999999999903, 2.401873226761493, 0.7349363928327995
6.659999999999902, 2.4240860123133365, 0.7554026546687241
6.669999999999902, 2.4076501326461366, 0.7365448533658969
6.679999999999902, 2.390479874629664, 0.70944849827682
6.689999999999902, 2.3971169887631567, 0.7003444083210288
6.699999999999902, 2.3678658794585132, 0.6735996768905882
6.709999999999901, 2.3750190768525528, 0.6540772111047916
6.719999999999901, 2.41474609037507, 0.6844714806341585
6.729999999999901, 2.4069486608896464, 0.7002615586136174
6.739999999999901, 2.3870007060235343, 0.6881779962602238
6.7499999999999005, 2.4044228707502437, 0.6941168606020576
6.7599999999999, 2.4218230867030908, 0.678540342900015
6.7699999999999, 2.422822938685104, 0.6666264682400092
6.7799999999999, 2.426321311986432, 0.6435963087456735
6.7899999999999, 2.4222228257896465, 0.6441377671273432
6.7999999999998995, 2.4052529412632158, 0.6157111066365435
6.809999999999899, 2.433090218168717, 0.6117121795386415
6.819999999999899, 2.412706534877305, 0.598795125692618
6.829999999999899, 2.4273751603559894, 0.5931030877969681
6.839999999999899, 2.4405102017208837, 0.613224435313882
6.849999999999898, 2.424387959630069, 0.6216730535552426
6.859999999999898, 2.438138446954111, 0.61116063072387
6.869999999999898, 2.4177544910272495, 0.5823011342892029
6.879999999999898, 2.4301902095634618, 0.5915703536033088
6.8899999999998975, 2.428667425561734, 0.5596314892075233
6.899999999999897, 2.4179259341165356, 0.51544750427251
6.909999999999897, 2.456840526857973, 0.5118609827227735
6.919999999999897, 2.4527507494245353, 0.505071172435349
6.929999999999897, 2.4408748921618844, 0.49396498321907323
6.9399999999998965, 2.4149914711323976, 0.48390369690599216
6.949999999999896, 2.431251612678574, 0.46233067416171647
6.959999999999896, 2.4296005116888475, 0.4838006534498842
6.969999999999896, 2.481439659117077, 0.4738439498891766
6.979999999999896, 2.5094659254359493, 0.44583482527627233
6.989999999999895, 2.505677526501818, 0.4393601982763227
6.999999999999895, 2.522601561431778, 0.4304147280323307
7.009999999999895, 2.5152600123788997, 0.42457007559665305
7.019999999999895, 2.5114480092730034, 0.43063854426408077
7.0299999999998946, 2.515083861827699, 0.4378058887306225
7.039999999999894, 2.5202047615368564, 0.4530677203337623
7.049999999999894, 2.501216843841003, 0.4796820622763513
7.059999999999894, 2.5302919065372005, 0.4635580595367817
7.069999999999894, 2.522694672202349, 0.47294710604551765
7.0799999999998935, 2.521046784474123, 0.4878047517239134
7.089999999999893, 2.5559127931023045, 0.5382268551140207
7.099999999999893, 2.594814893167281, 0.5306526639838458
7.109999999999893, 2.5849159696604254, 0.5385098050100212
7.119999999999893, 2.5773149193025935, 0.5041267434645643
7.129999999999892, 2.593057605968849, 0.4969735042394265
7.139999999999892, 2.590005607674529, 0.5408543108621483
7.149999999999892, 2.6015141022079544, 0.5155170752295235
7.159999999999892, 2.5854766166030982, 0.4666170227094045
7.169999999999892, 2.620647657710881, 0.4901220492379324
7.179999999999891, 2.6122899813221196, 0.49662394982629
7.189999999999891, 2.5962550512552784, 0.47897344260752095
7.199999999999891, 2.5765457306558246, 0.48561740939511144
7.209999999999891, 2.572779701874332, 0.4959082041005355
7.2199999999998905, 2.589733903896903, 0.48631887865835466
7.22999999999989, 2.5778562212905265, 0.5075766221627044
7.23999999999989, 2.564118602870713, 0.5232494422998665
7.24999999999989, 2.5948385633481768, 0.49812118680734957
7.25999999999989, 2.5981425711746056, 0.537699719007237
7.269999999999889, 2.589547727291993, 0.5339360251482184
7.279999999999889, 2.5692352572304253, 0.5595553206146204
7.289999999999889, 2.608115987968911, 0.5495307269934285
7.299999999999889, 2.5943510975015687, 0.5688951546109171
7.309999999999889, 2.6081469785827847, 0.55029448999898
7.319999999999888, 2.6089873724957835, 0.5767999264824437
7.329999999999888, 2.6032404827456896, 0.5661275093689291
7.339999999999888, 2.625862780119661, 0.58734935363473
7.349999999999888, 2.6027778595857054, 0.6364245100848922
7.3599999999998875, 2.588839938925825, 0.6147672737814611
7.369999999999887, 2.5871211282965407, 0.5884881594603364
7.379999999999887, 2.6219063248670795, 0.5844986438790033
7.389999999999887, 2.6350147098961476, 0.582663399139807
7.399999999999887, 2.5993630859292005, 0.5803973912792129
7.4099999999998865, 2.606184514950372, 0.5924365028425254
7.419999999999886, 2.60450793424126, 0.5883596789445915
7.429999999999886, 2.648591380728326, 0.5923779866004205
7.439999999999886, 2.6411817524852617, 0.5843940157106262
7.449999999999886, 2.615208884811141, 0.5583915129792497
7.459999999999885, 2.6112051457078853, 0.552900710238231
7.469999999999885, 2.599457018990448, 0.588354913950637
7.479999999999885, 2.627403377690511, 0.5916700810241806
7.489999999999885, 2.6324564647952573, 0.568668397038613
7.4999999999998845, 2.6561687823280913, 0.567029269002964
7.509999999999884, 2.6464122382381228, 0.5768532222133618
7.519999999999884, 2.659059366452052, 0.5988242316849783
7.529999999999884, 2.6576565189983783, 0.6412274256592467
7.539999999999884, 2.680069306145428, 0.645058582770894
7.5499999999998835, 2.707806584794175, 0.6188739203318193
7.559999999999883, 2.7179690145468753, 0.605031617113173
7.569999999999883, 2.724677756289111, 0.608051552554337
7.579999999999883, 2.7187985457182253, 0.6023432989372223
7.589999999999883, 2.7171567460924386, 0.5995817357574221
7.599999999999882, 2.722383590496035, 0.5881675970953103
7.609999999999882, 2.710374997653914, 0.5711299237987655
7.619999999999882, 2.7111610157739836, 0.5543943858104392
7.629999999999882, 2.7120117229242617, 0.5617714880419866
7.6399999999998816, 2.763789304459153, 0.5697136874799734
7.649999999999881, 2.7768815550772254, 0.5586529516319207
7.659999999999881, 2.807876862068932, 0.547912976183103
7.669999999999881, 2.796101770495771, 0.5252056585808427
7.679999999999881, 2.788500821082928, 0.5336542342519419
7.6899999999998805, 2.785422300932814, 0.5058695366666086
7.69999999999988, 2.802368353328772, 0.4961147711492239
7.70999999999988, 2.788630946225492, 0.47747524389320395
7.71999999999988, 2.8196900598677805, 0.47397771959539403
7.72999999999988, 2.849774337191898, 0.4827856564691344
7.739999999999879, 2.853068737313909, 0.4522541786375591
7.749999999999879, 2.8706222550388194, 0.4522370315747271
7.759999999999879, 2.8718773026162454, 0.44868914766568
7.769999999999879, 2.861063554763459, 0.46569538170404673
7.779999999999879, 2.8710151943287054, 0.450915549586911
7.789999999999878, 2.9057949104427654, 0.4574229402405782
7.799999999999878, 2.89197540421376, 0.4574609027489661
7.809999999999878, 2.856332841401401, 0.43681831341711896
7.819999999999878, 2.8546195974342874, 0.42846661061010466
7.8299999999998775, 2.8523284574139947, 0.43971731377045575
7.839999999999877, 2.8115181422715745, 0.4141151192490396
7.849999999999877, 2.8260604056691947, 0.4119071323880568
7.859999999999877, 2.802923024708272, 0.40165280112765833
7.869999999999877, 2.837555687758679, 0.4024682576290628
7.879999999999876, 2.835155994172817, 0.4006121494338052
7.889999999999876, 2.8231664252229405, 0.38283914982888667
7.899999999999876, 2.8261512219363234, 0.34820116799772377
7.909999999999876, 2.8264632667081773, 0.3356254531884963
7.919999999999876, 2.8184859830356466, 0.3317167874837244
7.929999999999875, 2.821481687288032, 0.3066452615774412
7.939999999999875, 2.843276970841329, 0.35412542118644785
7.949999999999875, 2.856528909453357, 0.3648963225739394
7.959999999999875, 2.8330494560887893, 0.3745555864145768
7.9699999999998745, 2.8310379640171033, 0.38609777394795997
7.979999999999874, 2.8476288604890256, 0.3813573436701854
7.989999999999874, 2.8485484942586257, 0.41482626617998475
7.999999999999874, 2.838626968199977, 0.42497233271106294
8.009999999999874, 2.85420279031175, 0.47687703063129383
8.019999999999873, 2.859576706881875, 0.45769475543673993
8.029999999999873, 2.8564637398875594, 0.424798177897413
8.039999999999873, 2.833284776104309, 0.39986109178759754
8.049999999999873, 2.86103377604217, 0.4127710707461276
8.059999999999873, 2.8751468750012212, 0.3950565208754896
8.069999999999872, 2.8915971558350755, 0.42469859146083233
8.079999999999872, 2.8827896518700076, 0.4129159831375039
8.089999999999872, 2.8994510737215835, 0.43495461347552794
8.099999999999872, 2.8976285406896096, 0.42296662351172204
8.109999999999872, 2.8856648809450807, 0.46449534433898054
8.119999999999871, 2.8688116977180678, 0.48301287586419617
8.129999999999871, 2.858912513696524, 0.491684491449253
8.139999999999871, 2.872757281583396, 0.464910548590565
8.14999999999987, 2.8497874625041906, 0.4470457890853863
8.15999999999987, 2.848056034549194, 0.43392682755116196
8.16999999999987, 2.8660249634246786, 0.4136659164928762
8.17999999999987, 2.9133240517694863, 0.41457081212765584
8.18999999999987, 2.909026716596378, 0.4072741371898724
8.19999999999987, 2.9233799154852713, 0.40304103380400813
8.20999999999987, 2.961912219454668, 0.38414850193774347
8.21999999999987, 2.9918311052751347, 0.38332497530397563
8.229999999999869, 2.983224300691087, 0.37765498478676574
8.239999999999869, 3.0048622512913843, 0.3863101722247092
8.249999999999869, 3.0049770958008986, 0.36550147534797256
8.259999999999868, 3.010454945812362, 0.35368682447480504
8.269999999999868, 2.9857937947480333, 0.36820341256393124
8.279999999999868, 3.008377621265718, 0.37171747249300474
8.289999999999868, 3.003261555633187, 0.3667011185282112
8.299999999999867, 3.05372543833959, 0.3869587067952499
8.309999999999867, 3.042166807579631, 0.38475036180315175
8.319999999999867, 3.0343126777830167, 0.38685983495033893
8.329999999999867, 3.016111440339173, 0.380319298824129
8.339999999999867, 3.00310813956665, 0.4165461206341729
8.349999999999866, 3.009376491497193, 0.42929632865914014
8.359999999999866, 3.0125533053908864, 0.4249475088893299
8.369999999999866, 2.986096941791733, 0.4314475322324705
8.379999999999866, 2.97713606896074, 0.4183036645389301
8.389999999999866, 3.020817388172541, 0.40233940357117315
8.399999999999865, 3.034572673738884, 0.4014719895028425
8.409999999999865, 3.044972309460459, 0.4023021190045439
8.419999999999865, 3.0269325713032735, 0.4286703105625532
8.429999999999865, 3.055990991978542, 0.44182503382892285
8.439999999999864, 3.0532837299649906, 0.4669244515435357
8.449999999999864, 3.0514463599421924, 0.49078674796412036
8.459999999999864, 3.061817037826991, 0.46035773319946
8.469999999999864, 3.057418093350221, 0.4410250199101735
8.479999999999864, 3.0371062020676343, 0.42619407127421627
8.489999999999863, 2.995700413114648, 0.4072609851353311
8.499999999999863, 3.0049773187527595, 0.4263379700473845
8.509999999999863, 2.987658628878475, 0.4174008302560722
8.519999999999863, 2.968466588144155, 0.4266665909081936
8.529999999999863, 2.9812856881166976, 0.4244276625938743
8.539999999999862, 2.9579228129827655, 0.40223769960135963
8.549999999999862, 2.974287597911205, 0.39326925886976627
8.559999999999862, 2.971721575556888, 0.39384276981771577
8.569999999999862, 3.0058428714772103, 0.37318132706817997
8.579999999999862, 3.0149267046032957, 0.3920945393417367
8.589999999999861, 3.0394574409699477, 0.40922447816556384
8.599999999999861, 3.0192887112333824, 0.39786238530749
8.60999999999986, 3.0161283885152965, 0.40627837175393733
8.61999999999986, 3.0137891224183377, 0.39885945435724185
8.62999999999986, 3.000943411713007, 0.3934051855148073
8.63999999999986, 2.9892781893451956, 0.3828667694272504
8.64999999999986, 3.010941489762486, 0.38390725473903053
8.65999999999986, 3.0353784205541223, 0.39161984557103047
8.66999999999986, 3.085901246845096, 0.38935679915607246
8.67999999999986, 3.064675479910852, 0.37318899210910905
8.68999999999986, 3.1014291297576735, 0.38398610151477897
8.699999999999859, 3.11435193024441, 0.36524672722857005
8.709999999999859, 3.1311025862976427, 0.35691571023854096
8.719999999999859, 3.1478153313057424, 0.3545431674454983
8.729999999999858, 3.150855473516604, 0.3400018193087507
8.739999999999858, 3.138827811365758, 0.3279246277541016
8.749999999999858, 3.1242415800465615, 0.3087311441995229
8.759999999999858, 3.1578969589792725, 0.3069293803772503
8.769999999999857, 3.1467155677100545, 0.3052895787237958
8.779999999999857, 3.175997453998283, 0.29847848920080616
8.789999999999857, 3.1930925233713876, 0.2892613405483934
8.799999999999857, 3.217525859199799, 0.29752489160408907
8.809999999999857, 3.2268949144473753, 0.32272355860501484
8.819999999999856, 3.2379126427925997, 0.30072275980687574
8.829999999999856, 3.2445804502358664, 0.31399704758726776
8.839999999999856, 3.2342901013261596, 0.33169282625804264
8.849999999999856, 3.2453402168604573, 0.32774975433684833
8.859999999999856, 3.246159180601793, 0.3277376912416157
8.869999999999855, 3.264441106157563, 0.2995826823939404
8.879999999999855, 3.2646337175406033, 0.2542340522023412
8.889999999999855, 3.256300677520989, 0.23845071047217198
8.899999999999855, 3.2676720491033855, 0.21586539542075955
8.909999999999854, 3.283195110353838, 0.24192117785366835
8.919999999999854, 3.2789449182138757, 0.23903246253731056
8.929999999999854, 3.251861597871794, 0.22666777410234434
8.939999999999854, 3.255262908312369, 0.22373326836196025
8.949999999999854, 3.265584879235312, 0.24961662983856459
8.959999999999853, 3.2561595120783897, 0.28047882612866654
8.969999999999853, 3.2467511711679196, 0.25918954262765775
8.979999999999853, 3.2684869206559575, 0.2682699120569468
8.989999999999853, 3.2558189015306076, 0.27653445048969855
8.999999999999853, 3.278735686984138, 0.2767013099060888
9.009999999999852, 3.2847067474400102, 0.2711754367483665
9.019999999999852, 3.284613306632616, 0.25023350481796264
9.029999999999852, 3.2846718028164252, 0.244774574979692
9.039999999999852, 3.2978532339910087, 0.2274242685793868
9.049999999999851, 3.2978132629881203, 0.19489968413621578
9.059999999999851, 3.325265287779264, 0.19862685419673576
9.069999999999851, 3.3097623268342455, 0.18728396602526276
9.07999999999985, 3.2821220030498797, 0.21915395344705002
9.08999999999985, 3.2786368959620544, 0.22560869583762008
9.09999999999985, 3.2638019830713474, 0.23350062941986427
9.10999999999985, 3.276475842130797, 0.2593334752901874
9.11999999999985, 3.2801677360475345, 0.27224026791531186
9.12999999999985, 3.3374780429780206, 0.24835059899297177
9.13999999999985, 3.3429525443814834, 0.24327100451482242
9.14999999999985, 3.3466014749426476, 0.1992486015047548
9.15999999999985, 3.349265366661384, 0.22715871993136927
9.169999999999849, 3.3701181330950956, 0.22922445927165153
9.179999999999849, 3.369639626115881, 0.24103102784293923
9.189999999999849, 3.3511330888803825, 0.24949290514313643
9.199999999999848, 3.3634784828563986, 0.24457765255674188
9.209999999999848, 3.348113800790682, 0.24831698452797382
9.219999999999848, 3.3593438547529697, 0.2549723421111677
9.229999999999848, 3.341030470515347, 0.2553198427508808
9.239999999999847, 3.3381741251626207, 0.24010960290500727
9.249999999999847, 3.3481980881530626, 0.22688797353730844
9.259999999999847, 3.3519090999056234, 0.22166888562751966
9.269999999999847, 3.3333213396484793, 0.23440775831955754
9.279999999999847, 3.3331381750986244, 0.21245278796499462
9.289999999999846, 3.3178957791909913, 0.2227147742140003
9.299999999999846, 3.3278969480633585, 0.27125431383823045
9.309999999999846, 3.2860194780343215, 0.2720153571563467
9.319999999999846, 3.289598556497935, 0.24890562491441973
9.329999999999846, 3.278533957357084, 0.23940058851026497
9.339999999999845, 3.273574403099394, 0.27547081880071955
9.349999999999845, 3.2619354102398916, 0.301300959794087
9.359999999999845, 3.275586499325412, 0.3484464917399678
9.369999999999845, 3.2617674875829423, 0.37323976400107894
9.379999999999844, 3.250734762810875, 0.3557466345782292
9.389999999999844, 3.2852190470456297, 0.36338485151592465
9.399999999999844, 3.312849067500735, 0.35576264909753463
9.409999999999844, 3.319667497274082, 0.3484307163489072
9.419999999999844, 3.3115136862246186, 0.33503582989185343
9.429999999999843, 3.3160309852644017, 0.3653454860060842
9.439999999999843, 3.311816323050552, 0.36366907335973186
9.449999999999843, 3.301475674905668, 0.3543558040030273
9.459999999999843, 3.352830530167291, 0.3615814709999813
9.469999999999843, 3.3354590209084765, 0.35744408291446167
9.479999999999842, 3.327324174262498, 0.3406416407807622
9.489999999999842, 3.3300254077888654, 0.3833406887720949
9.499999999999842, 3.359317102199774, 0.3910733221439847
9.509999999999842, 3.374679953832685, 0.36258544345730176
9.519999999999841, 3.40891678471474, 0.3408623690587584
9.529999999999841, 3.4248906184100583, 0.3440217697165384
9.539999999999841, 3.3979667278286105, 0.3336524444091187
9.54999999999984, 3.441144293952251, 0.33683367973067746
9.55999999999984, 3.4649582740782634, 0.3478304925808306
9.56999999999984, 3.4624011476538796, 0.3739137300809508
9.57999999999984, 3.45288046572666, 0.36103132829405904
9.58999999999984, 3.467152287109221, 0.33956115109804896
9.59999999999984, 3.4801668272389406, 0.36222007130423567
9.60999999999984, 3.5018554858259265, 0.3749551029297706
9.61999999999984, 3.4688584543338594, 0.366574330355679
9.62999999999984, 3.4783052384646993, 0.3247391928995337
9.639999999999839, 3.465721738981919, 0.3375170235807068
9.649999999999839, 3.4510725423091535, 0.34973208757594293
9.659999999999838, 3.4242260464196663, 0.33483603805572437
9.669999999999838, 3.4722768258929237, 0.3919171932321541
9.679999999999838, 3.4666420812365275, 0.4011344227991734
9.689999999999838, 3.491925325015644, 0.3812924589695785
9.699999999999838, 3.471184650530845, 0.36846539747487184
9.709999999999837, 3.480492731289067, 0.40630821757322944
9.719999999999837, 3.4690728520293854, 0.41666455040243483
9.729999999999837, 3.451765238255067, 0.43799240558169816
9.739999999999837, 3.4382199992172846, 0.42500233053118963
9.749999999999837, 3.4203470654484573, 0.43703550990877105
9.759999999999836, 3.3812325289275007, 0.4408354272592045
9.769999999999836, 3.381504257475588, 0.4196792769288587
9.779999999999836, 3.3696930715230935, 0.39929366861255006
9.789999999999836, 3.3646495385211423, 0.41471979311582274
9.799999999999836, 3.3591145079131763, 0.40597246862200526
9.809999999999835, 3.3150097189328855, 0.39281787517480116
9.819999999999835, 3.3465759886540005, 0.40823926956494205
9.829999999999835, 3.3440789878258093, 0.3838363365830941
9.839999999999835, 3.346057161667225, 0.38712751646899274
9.849999999999834, 3.3901983364085004, 0.41371308631423964
9.859999999999834, 3.4256832738108023, 0.4255184045356304
9.869999999999834, 3.4378334316628556, 0.4380420558295623
9.879999999999834, 3.435096059272024, 0.4467289885349188
9.889999999999834, 3.445366832260114, 0.46649515913933914
9.899999999999833, 3.415917541266473, 0.5127077380123278
9.909999999999833, 3.4028720379346598, 0.5081649547464522
9.919999999999833, 3.4171850292521175, 0.5204969203191092
9.929999999999833, 3.420743161428749, 0.5530586155117739
9.939999999999833, 3.429005699714006, 0.5312058637658992
9.949999999999832, 3.4268595630689096, 0.5547609293473802
9.959999999999832, 3.4405329986760864, 0.5657004716849644
9.969999999999832, 3.4356504035679807, 0.5625937660026551
9.979999999999832, 3.4462057049231687, 0.5737847531723232
9.989999999999831, 3.473630492935757, 0.5768303833161822
9.999999999999831, 3.509153596651585, 0.5716068191017858
10.009999999999831, 3.534690111801968, 0.5870871826596795
10.01999999999983, 3.5454535094417814, 0.5866949667654265
10.02999999999983, 3.5816699079322056, 0.6372476508335713
10.03999999999983, 3.557708599899856, 0.6610151300618172
10.04999999999983, 3.5593681524452183, 0.6435907108978094
10.05999999999983, 3.586543634656695, 0.6723416496996419
10.06999999999983, 3.6228228520987202, 0.672214700078576
10.07999999999983, 3.593195759150553, 0.6541526571584558
10.08999999999983, 3.5908697886525083, 0.6491116717172751
10.09999999999983, 3.6034637925721977, 0.6551589633468591
10.109999999999829, 3.5934429896383784, 0.6708556141732495
10.119999999999829, 3.56690094505695, 0.6920869999116099
10.129999999999828, 3.591489117247738, 0.6952339705347281
10.139999999999828, 3.586368558992638, 0.7096176960906749
10.149999999999828, 3.597624641599128, 0.7115189035325831
10.159999999999828, 3.553413858031144, 0.7233380452134057
10.169999999999828, 3.5811899932581617, 0.7386458193219954
10.179999999999827, 3.5519414085528274, 0.7356998248091986
10.189999999999827, 3.542374782519311, 0.7138380741179203
10.199999999999827, 3.535132507331425, 0.6954880553355831
10.209999999999827, 3.5670124610476726, 0.7108015823348789
10.219999999999827, 3.543323420114687, 0.7384174394920195
10.229999999999826, 3.5434193147687707, 0.7328593905841955
10.239999999999826, 3.557031588259772, 0.7195623159371556
10.249999999999826, 3.557055897502069, 0.7698923593695762
10.259999999999826, 3.5677357145405275, 0.7851053782849831
10.269999999999825, 3.598635302943343, 0.7751215191438641
10.279999999999825, 3.616407811328931, 0.8177856098538163
10.289999999999825, 3.6200412538443882, 0.8637906495637163
10.299999999999825, 3.635713681937801, 0.8461028636241286
10.309999999999825, 3.618714188088754, 0.8756203216039666
10.319999999999824, 3.6080457479007846, 0.8907685497103424
10.329999999999824, 3.6361345646210217, 0.8923448091886933
10.339999999999824, 3.639934046372465, 0.8823145337329665
10.349999999999824, 3.635136105199228, 0.8609771478606539
10.359999999999824, 3.6281634219654832, 0.8874152863027446
10.369999999999823, 3.6234377052628166, 0.8817626242168402
10.379999999999823, 3.6106585020070185, 0.8981792684989348
10.389999999999823, 3.61807710310132, 0.8772654410221569
10.399999999999823, 3.6447382416378686, 0.8734444049876549
10.409999999999823, 3.6933690695433987, 0.87519746231127
10.419999999999822, 3.6670035990846896, 0.9016922302614682
10.429999999999822, 3.6495532073519823, 0.9037800820781853
10.439999999999822, 3.659755438114485, 0.9121241964592962
10.449999999999822, 3.64691625990633, 0.9005921490050265
10.459999999999821, 3.6147794015415933, 0.9089355903442836
10.469999999999821, 3.634503347133347, 0.9367997981907663
10.479999999999821, 3.670486091043929, 0.9216378181058191
10.48999999999982, 3.6830694179925096, 0.9213451239724461
10.49999999999982, 3.685000465435644, 0.911405521925916
10.50999999999982, 3.680458929128113, 0.8808435462786786
10.51999999999982, 3.6602945842185206, 0.8932051103604635
10.52999999999982, 3.649781059982766, 0.9196470379225322
10.53999999999982, 3.670483540607626, 0.9044069018681803
10.54999999999982, 3.626568084009902, 0.9079775826011872
10.55999999999982, 3.6411930216744453, 0.8865207329344207
10.569999999999819, 3.6537885069646974, 0.8976040493794235
10.579999999999819, 3.663814039310396, 0.8968482645582665
10.589999999999819, 3.661798774796286, 0.8723372896742607
10.599999999999818, 3.6451505964601045, 0.8574544503465679
10.609999999999818, 3.6258481925913646, 0.8592086475060458
10.619999999999818, 3.619624014669514, 0.8285746580714548
10.629999999999818, 3.617245205779352, 0.8373963478466437
10.639999999999818, 3.600300549503481, 0.8527489180727976
10.649999999999817, 3.607221462341285, 0.8307573328071053
10.659999999999817, 3.5837361980152957, 0.8273479263926636
10.669999999999817, 3.585378378190201, 0.8325593844728093
10.679999999999817, 3.60040072135953, 0.8534090424609213
10.689999999999817, 3.607708124935857, 0.8499179546112402
10.699999999999816, 3.5946967801684924, 0.8597855921898794
10.709999999999816, 3.6172844138078615, 0.8713829324509048
10.719999999999816, 3.635293485964642, 0.8796923289307559
10.729999999999816, 3.6763193788580897, 0.9060816521956606
10.739999999999815, 3.6714325737902613, 0.9007514705956324
10.749999999999815, 3.681384421716146, 0.9299070609777302
10.759999999999815, 3.6621672786568493, 0.9386798009997128
10.769999999999815, 3.68415788582778, 0.9648897096808429
10.779999999999815, 3.645528002131574, 0.9548277532286276
10.789999999999814, 3.629073134729429, 0.9512064022242275
10.799999999999814, 3.603294181851518, 0.9593245701561185
10.809999999999814, 3.6262027315638976, 0.9870623876370053
10.819999999999814, 3.613609749271745, 0.981294783112434
10.829999999999814, 3.5967033438622704, 1.008997647868197
10.839999999999813, 3.5825023434917185, 1.0168015482882051
10.849999999999813, 3.615280465415299, 1.0114673926211548
10.859999999999813, 3.62955720224374, 0.9950992087039252
10.869999999999813, 3.6108347465645476, 1.0221592074592762
10.879999999999812, 3.615237830989667, 0.9792755912020172
10.889999999999812, 3.6258781875823054, 1.0083272018707394
10.899999999999812, 3.621986421504743, 0.9927084377189818
10.909999999999812, 3.6057839038859396, 0.9890271452175907
10.919999999999812, 3.6010506956252946, 0.9969295951229725
10.929999999999811, 3.5866172499554043, 1.038963311557985
10.939999999999811, 3.6099030418280815, 1.0523537034853776
10.949999999999811, 3.619055416424723, 1.0780728080077535
10.95999999999981, 3.6294729730042796, 1.1232455275469704
10.96999999999981, 3.6282171517491446, 1.1339009003345137
10.97999999999981, 3.6423749040241087, 1.1653714618843765
10.98999999999981, 3.6235512153279834, 1.143717822686023
10.99999999999981, 3.6505870409824337, 1.1479599351174368
11.00999999999981, 3.644365070947445, 1.1163856530173855
11.01999999999981, 3.646182792272267, 1.1148141998831915
11.02999999999981, 3.6586516912119933, 1.1102638229700246
11.039999999999809, 3.678986625551597, 1.122644433286192
11.049999999999809, 3.6811861315882033, 1.1510552555504963
11.059999999999809, 3.672619505370756, 1.1619459311960125
11.069999999999808, 3.6915568116712993, 1.1727437500361186
11.079999999999808, 3.692664494884121, 1.1603612286866531
11.089999999999808, 3.6701042189992976, 1.1436991082685306
11.099999999999808, 3.6969464362791586, 1.1244391105334415
11.109999999999808, 3.699652409117548, 1.1234010756657116
11.119999999999807, 3.714141336830945, 1.138015294350437
11.129999999999807, 3.704088077536234, 1.152055978075922
11.139999999999807, 3.7002685154989847, 1.1238392845911753
11.149999999999807, 3.6571094223066454, 1.1441551181378924
11.159999999999807, 3.6509673799373847, 1.1343420679862244
11.169999999999806, 3.6657183497356027, 1.105964555068189
11.179999999999806, 3.644199278549258, 1.0839599328770364
11.189999999999806, 3.6769949639960595, 1.0870521781053548
11.199999999999806, 3.689204348620204, 1.0834151481213974
11.209999999999805, 3.6698011183720123, 1.0946403009666437
11.219999999999805, 3.6632574366058597, 1.0694128553495468
11.229999999999805, 3.6788292780198035, 1.0951754951602128
11.239999999999805, 3.657366100619513, 1.1045059049227623
11.249999999999805, 3.6860814597582356, 1.093818792001129
11.259999999999804, 3.672829365819761, 1.0900792646872925
11.269999999999804, 3.658464824294944, 1.052310833556815
11.279999999999804, 3.680926003991665, 1.0405032447803853
11.289999999999804, 3.6944475066819353, 1.0217232894726522
11.299999999999804, 3.7226333549010486, 1.0332015021790641
11.309999999999803, 3.749387246673934, 1.0273430055863826
11.319999999999803, 3.7495811909177403, 1.0054062504725505
11.329999999999803, 3.744869913834433, 1.0153657602234167
11.339999999999803, 3.7281541968279095, 0.9995136617270057
11.349999999999802, 3.7060338728823408, 0.9992147797995645
11.359999999999802, 3.708151092707407, 1.0132316575148388
11.369999999999802, 3.7033629828561336, 1.0463358423496756
11.379999999999802, 3.7143838724040363, 1.0360811609927278
11.389999999999802, 3.7590112541516443, 1.04116911810038
11.399999999999801, 3.744148829173041, 1.0379471793310309
11.409999999999801, 3.7568144231676475, 1.019445393769414
11.419999999999801, 3.7245746727948617, 1.0325961708630202
11.4299999999998, 3.7199386834438823, 1.0377394175112116
11.4399999999998, 3.7568534915265777, 1.0242342759395684
11.4499999999998, 3.769908659473359, 1.0537103410999917
11.4599999999998, 3.7713260674812568, 1.016508276213434
11.4699999999998, 3.75830730550479, 1.062551896199193
11.4799999999998, 3.738456026553193, 1.0735586560265906
11.4899999999998, 3.726986712733114, 1.1024393715423766
11.4999999999998, 3.7430907705822984, 1.0861958263786053
11.509999999999799, 3.745624333806913, 1.0646201113786746
11.519999999999799, 3.730947123927535, 1.0753197242295573
11.529999999999799, 3.767967977315426, 1.0872821321628614
11.539999999999798, 3.770367935961844, 1.077935126304551
11.549999999999798, 3.802186941742409, 1.0721297264243985
11.559999999999798, 3.8001246783644103, 1.0568407271920657
11.569999999999798, 3.824835611955052, 1.0535312211769918
11.579999999999798, 3.8116477833369857, 1.0709422960628814
11.589999999999797, 3.7853944132989263, 1.063756962804144
11.599999999999797, 3.7921952976499425, 1.0912357483661113
11.609999999999797, 3.7936508677271883, 1.0995731383245462
11.619999999999797, 3.7875132845460056, 1.0939216298925476
11.629999999999797, 3.758554824005837, 1.0955302186152758
11.639999999999796, 3.7353541946608186, 1.081978196999752
11.649999999999796, 3.723939320333727, 1.0445206604641708
11.659999999999796, 3.724675307818337, 1.0389533642091575
11.669999999999796, 3.729029192617407, 1.053434362641881
11.679999999999795, 3.723975813887139, 1.0616227746989588
11.689999999999795, 3.779388210699336, 1.0567062164231171
11.699999999999795, 3.7815837403323673, 1.0591684604379887
11.709999999999795, 3.7742967159691396, 1.062138622710357
11.719999999999795, 3.7576157326092026, 1.056406101334597
11.729999999999794, 3.757889288798688, 1.056045884965651
11.739999999999794, 3.738011576024961, 1.070612083168704
11.749999999999794, 3.769977996671877, 1.0428932443113914
11.759999999999794, 3.790546450527277, 1.0244586322674312
11.769999999999794, 3.826059833430037, 1.0628687958354477
11.779999999999793, 3.834128441474429, 1.0714465480138384
11.789999999999793, 3.8482847060720724, 1.1049090574030134
11.799999999999793, 3.8485495751590615, 1.0899234029807578
11.809999999999793, 3.8351771320591217, 1.1274428573327464
11.819999999999792, 3.8184245289870637, 1.1125001219405262
11.829999999999792, 3.8121947141234687, 1.0940756283061381
11.839999999999792, 3.813705193841472, 1.1135954888648552
11.849999999999792, 3.8029770615970326, 1.1219534643274462
11.859999999999792, 3.8517824917577332, 1.1371810808227727
11.869999999999791, 3.851850795296512, 1.1272817463612876
11.879999999999791, 3.8412241339350564, 1.1405059282720236
11.889999999999791, 3.853778098791373, 1.1315979152461462
11.89999999999979, 3.8784908134994893, 1.1201966678160522
11.90999999999979, 3.856292578033854, 1.1438913442805714
11.91999999999979, 3.845718466215611, 1.1288077181667766
11.92999999999979, 3.8457449038160236, 1.1318366594967633
11.93999999999979, 3.852483495905776, 1.1472376171147318
11.94999999999979, 3.8416669553867706, 1.1626152143739907
11.95999999999979, 3.8454805112987835, 1.1350391640868445
11.96999999999979, 3.8591823803086376, 1.126172986057341
11.979999999999789, 3.8696462689133684, 1.135092432714439
11.989999999999789, 3.9052160299310046, 1.116810746053483
11.999999999999789, 3.9001760259744276, 1.1143267540160415
12.009999999999788, 3.8977732228952555, 1.0927984711641185
12.019999999999788, 3.915049859274677, 1.0657387675426029
12.029999999999788, 3.933643326882656, 1.0701028826459535
12.039999999999788, 3.968420844664349, 1.0703479823632365
12.049999999999788, 3.9764082211268623, 1.079923975981762
12.059999999999787, 3.960011471779494, 1.0948708018143734
12.069999999999787, 3.938860551909266, 1.0972755910907432
12.079999999999787, 3.952839808298854, 1.1263785397132093
12.089999999999787, 3.983913797751655, 1.1180687751973037
12.099999999999786, 3.978220001805699, 1.1524064656610595
12.109999999999786, 3.96412410851928, 1.1346476059095159
12.119999999999786, 3.9640220267321378, 1.1384061085783097
12.129999999999786, 4.0117147826082675, 1.1425714445903825
12.139999999999786, 3.9903422404172635, 1.1280617611253871
12.149999999999785, 3.9828559652882376, 1.1661393612817628
12.159999999999785, 3.952791309168821, 1.1544515327504896
12.169999999999785, 3.9081278880239214, 1.1696245693176222
12.179999999999785, 3.9093410399176514, 1.1625745407522412
12.189999999999785, 3.9041897369266207, 1.1624384007242303
12.199999999999784, 3.9075620354831395, 1.1780201981044152
12.209999999999784, 3.9114098157085366, 1.1753442309013
12.219999999999784, 3.894538048372523, 1.180873963609594
12.229999999999784, 3.901181282425021, 1.159089411029881
12.239999999999783, 3.8816219130981073, 1.174558093741097
12.249999999999783, 3.883718108894415, 1.1855082836118542
12.259999999999783, 3.8904675610184944, 1.1766472033394941
12.269999999999783, 3.9047456458476244, 1.1851494027495986
12.279999999999783, 3.8784080250478286, 1.1845731505044046
12.289999999999782, 3.906261095734893, 1.195466249604899
12.299999999999782, 3.9097847742915777, 1.2008813500036943
12.309999999999782, 3.887449921370402, 1.2163493558827334
12.319999999999782, 3.870108133646042, 1.1856654771400603
12.329999999999782, 3.8715273912650523, 1.1852317988271992
12.339999999999781, 3.8515600478591683, 1.1819636641967872
12.349999999999781, 3.861709635123489, 1.1853964585762347
12.359999999999781, 3.8418073889590514, 1.1738271793733668
12.36999999999978, 3.84877903761124, 1.187831520786936
12.37999999999978, 3.861529510865322, 1.1929625648157
12.38999999999978, 3.8638693933375716, 1.2139196989069452
12.39999999999978, 3.8546030621216096, 1.2358956455246732
12.40999999999978, 3.875611669497619, 1.2650131698564504
12.41999999999978, 3.8782716235431542, 1.2401094096320784
12.42999999999978, 3.8901012500273775, 1.2245370235515243
12.43999999999978, 3.870219151111929, 1.1872774755855229
12.449999999999779, 3.8411917589017435, 1.208173625980893
12.459999999999779, 3.8215588934272713, 1.2210097072135684
12.469999999999779, 3.8490280957841767, 1.2579255830510683
12.479999999999778, 3.861164144704697, 1.259499527720134
12.489999999999778, 3.8618023272603583, 1.2345374366008182
12.499999999999778, 3.8979000415501264, 1.2308344082410136
12.509999999999778, 3.89352608921517, 1.2449020852873267
12.519999999999778, 3.913212618822554, 1.2600814445325512
12.529999999999777, 3.922892972516721, 1.2448216609364278
12.539999999999777, 3.9359403530158366, 1.2907861623605863
12.549999999999777, 3.931443520850631, 1.2806985897854362
12.559999999999777, 3.9352872740751703, 1.270633797054157
12.569999999999776, 3.9178965284876073, 1.296921313871986
12.579999999999776, 3.9457793658675717, 1.2763890366612083
12.589999999999776, 3.9557633115283473, 1.304898382321902
12.599999999999776, 3.9419398221136532, 1.2935301739827452
12.609999999999776, 3.968612864660157, 1.2562573551176552
12.619999999999775, 3.975457191114365, 1.279946183885637
12.629999999999775, 4.002727847028867, 1.269950282639763
12.639999999999775, 4.028675235078071, 1.2646630203281717
12.649999999999775, 4.053657421716697, 1.276369036053265
12.659999999999775, 4.054502565823284, 1.2617294110418955
12.669999999999774, 4.048823620218619, 1.2545618216521426
12.679999999999774, 4.060183969906579, 1.279316839593318
12.689999999999774, 4.046119323693063, 1.3022151859439426
12.699999999999774, 4.0064976761073945, 1.323712821658565
12.709999999999773, 4.038217236974957, 1.3274557330195822
12.719999999999773, 4.0862714062084935, 1.3438845763444396
12.729999999999773, 4.088899830115801, 1.3238314405132245
12.739999999999773, 4.068416015616946, 1.3619163112107011
12.749999999999773, 4.094618427559204, 1.3788924138305807
12.759999999999772, 4.049799485214974, 1.3792298380518273
12.769999999999772, 4.049578462357887, 1.405781946236052
12.779999999999772, 4.044643319289526, 1.4560920249228462
12.789999999999772, 4.100168659327524, 1.4380962627376266
12.799999999999772, 4.106485693147873, 1.4886732604928865
12.809999999999771, 4.083542070228246, 1.5181735158603664
12.819999999999771, 4.079535003363785, 1.5022838437799928
12.829999999999771, 4.09620005102284, 1.5186076598295866
12.83999999999977, 4.081809171474843, 1.5190726978253164
12.84999999999977, 4.075342144016972, 1.5524878211923747
12.85999999999977, 4.078905849485929, 1.5491698345833829
12.86999999999977, 4.079714278816075, 1.5341744361809475
12.87999999999977, 4.089582053842152, 1.5159218978429247
12.88999999999977, 4.087782690450916, 1.5271314690770579
12.89999999999977, 4.094531189814861, 1.5485614283134346
12.90999999999977, 4.077603027535048, 1.5523295443317782
12.919999999999769, 4.093751843115301, 1.5415806902691074
12.929999999999769, 4.119243460688815, 1.5507489595304107
12.939999999999769, 4.149223658928807, 1.5344484880419966
12.949999999999768, 4.1299416868141074, 1.546789784816799
12.959999999999768, 4.181653001722548, 1.5212550236080256
12.969999999999768, 4.155593541593721, 1.5108364719129885
12.979999999999768, 4.132416503123633, 1.5256388584671836
12.989999999999768, 4.136325141876421, 1.5493161808791478
12.999999999999767, 4.171379981858991, 1.5552210455780553
13.009999999999767, 4.154443590952774, 1.5633801410256198
13.019999999999767, 4.170590117928748, 1.5600374943381294
13.029999999999767, 4.150167466502386, 1.5365962560913302
13.039999999999766, 4.146056458622316, 1.5434489229418273
13.049999999999766, 4.1446466086973315, 1.5531862826679885
13.059999999999766, 4.173599880373024, 1.5475209836895154
13.069999999999766, 4.153161099362827, 1.588557609397171
13.079999999999766, 4.1811047407823665, 1.6114759382994521
13.089999999999765, 4.209066738387592, 1.585559717814525
13.099999999999765, 4.195613311685914, 1.538130167505303
13.109999999999765, 4.207936230696835, 1.5543768394602544
13.119999999999765, 4.196089785805748, 1.5868397824002771
13.129999999999765, 4.184284847284577, 1.5570855985149286
13.139999999999764, 4.235996651073963, 1.5388087748416777
13.149999999999764, 4.283382888690468, 1.553537523662923
13.159999999999764, 4.281641463637366, 1.544077823712864
13.169999999999764, 4.3025679562893835, 1.5280407096767508
13.179999999999763, 4.273346918712643, 1.533379182346872
13.189999999999763, 4.290105717623477, 1.5669665618479187
13.199999999999763, 4.299964804710281, 1.5762113710323995
13.209999999999763, 4.297708146033822, 1.5769792127999898
13.219999999999763, 4.274584106102023, 1.5682913852425648
13.229999999999762, 4.281769658356646, 1.5577974132457961
13.239999999999762, 4.2943395594722595, 1.5450406314198053
13.249999999999762, 4.29508790662337, 1.5643324810690993
13.259999999999762, 4.313046727395289, 1.5505617846993758
13.269999999999762, 4.340793208097827, 1.5585879799597047
13.279999999999761, 4.345193934614016, 1.5293077296113509
13.289999999999761, 4.3252657066354265, 1.5630495515531782
13.299999999999761, 4.316528041664784, 1.5307508078521632
13.30999999999976, 4.314737789560751, 1.522768709871498
13.31999999999976, 4.326041886372382, 1.487628323480796
13.32999999999976, 4.340111809965716, 1.5098144548228747
13.33999999999976, 4.3444246448685595, 1.51767931245617
13.34999999999976, 4.308611850068402, 1.5032892458484384
13.35999999999976, 4.272789076866407, 1.4804919972605115
13.36999999999976, 4.23181570338715, 1.4612393817050084
13.37999999999976, 4.225839845958632, 1.4367463898368615
13.389999999999759, 4.2730541747659005, 1.4480061236130595
13.399999999999759, 4.2889705396347555, 1.4734027105951875
13.409999999999759, 4.318402818016755, 1.5024518091171675
13.419999999999758, 4.335769118992731, 1.5215283779208366
13.429999999999758, 4.333410251097635, 1.5163741225820364
13.439999999999758, 4.343168982843729, 1.520330690141305
13.449999999999758, 4.346605377832113, 1.5211666453822832
13.459999999999757, 4.3496696350356565, 1.5067541294902371
13.469999999999757, 4.366354242220796, 1.4890980655538293
13.479999999999757, 4.39614029592746, 1.4841964827045506
13.489999999999757, 4.360224649751969, 1.4768898069143959
13.499999999999757, 4.356832714392708, 1.4543614438498316
13.509999999999756, 4.391625916223617, 1.4475550333463878
13.519999999999756, 4.379482621806398, 1.4380683380946002
13.529999999999756, 4.413901425255991, 1.4159014476152332
13.539999999999756, 4.407043856566929, 1.4207987383566971
13.549999999999756, 4.386817991279207, 1.4381779517298012
13.559999999999755, 4.363438930441799, 1.4496746585032045
13.569999999999755, 4.356717899822933, 1.4652913650798607
13.579999999999755, 4.384274637811257, 1.4559131698631982
13.589999999999755, 4.36473437285817, 1.502275287537018
13.599999999999755, 4.385547378756174, 1.5067865962380778
13.609999999999754, 4.410303538169933, 1.4841188410487636
13.619999999999754, 4.416847289817056, 1.4677705299495678
13.629999999999754, 4.4027052718507385, 1.4393594474289562
13.639999999999754, 4.379244822394971, 1.4631299073143664
13.649999999999753, 4.3956965024533545, 1.4561180438172123
13.659999999999753, 4.399851252614722, 1.4364315983162814
13.669999999999753, 4.412706504155193, 1.4607997605964864
13.679999999999753, 4.410820339161172, 1.4653573275396494
13.689999999999753, 4.434184517634925, 1.446334904328237
13.699999999999752, 4.472622296099462, 1.444363863196497
13.709999999999752, 4.4585580748288685, 1.460315807437276
13.719999999999752, 4.432211195813186, 1.4533583845808702
13.729999999999752, 4.420045830005556, 1.4363154556210764
13.739999999999752, 4.450279285465907, 1.4414632928484739
13.749999999999751, 4.446006332606284, 1.4194354908624485
13.759999999999751, 4.480304540277509, 1.4424304273410253
13.76999999999975, 4.5094998054167155, 1.4351956179847907
13.77999999999975, 4.54781567374443, 1.4427156794020797
13.78999999999975, 4.569725104165135, 1.436243541466697
13.79999999999975, 4.572714741211735, 1.4615888116992686
13.80999999999975, 4.570649175857727, 1.5041792864911303
13.81999999999975, 4.558489975586676, 1.533694440472857
13.82999999999975, 4.616419989408071, 1.5249777704009593
13.83999999999975, 4.609670327246711, 1.5122791492218812
13.84999999999975, 4.631738560725299, 1.510657336114526
13.859999999999749, 4.6195255160226285, 1.5265544495950703
13.869999999999749, 4.623664069191352, 1.5379880916823936
13.879999999999749, 4.624134155405918, 1.536159296427917
13.889999999999748, 4.61514929311708, 1.5375666186537666
13.899999999999748, 4.574065328420341, 1.5213201783165362
13.909999999999748, 4.554532491211158, 1.52055533911201
13.919999999999748, 4.557825361838854, 1.5319562114171572
13.929999999999747, 4.560776559643252, 1.543934127153211
13.939999999999747, 4.546718251431507, 1.5318635078089116
13.949999999999747, 4.576110357346749, 1.5224184492815922
13.959999999999747, 4.627552360563263, 1.523805283734528
13.969999999999747, 4.631671753133387, 1.5225215517611448
13.979999999999746, 4.661935304722029, 1.5303926329240167
13.989999999999746, 4.657498610000325, 1.5692714729003068
13.999999999999746, 4.6403318803141556, 1.546740233864424
14.009999999999746, 4.645097664324761, 1.5243932300365326
14.019999999999746, 4.668395581404717, 1.5118017061785203
14.029999999999745, 4.672577758111139, 1.5076273977557004
14.039999999999745, 4.6704184513673095, 1.4988489315069615
14.049999999999745, 4.686069774691188, 1.4532213994272816
14.059999999999745, 4.683101177630048, 1.413230021467077
14.069999999999744, 4.659150698843859, 1.3954130627016528
14.079999999999744, 4.680642533752441, 1.4312319666733229
14.089999999999744, 4.683054218776585, 1.4310479310137354
14.099999999999744, 4.670397417476697, 1.4437587276581014
14.109999999999744, 4.633978935550014, 1.456303882986647
14.119999999999743, 4.650886131693345, 1.449498108890271
14.129999999999743, 4.66704981661344, 1.466050734908035
14.139999999999743, 4.66720531836936, 1.466156812971181
14.149999999999743, 4.664994410744094, 1.4762570132845354
14.159999999999743, 4.669690149675455, 1.4965669742686232
14.169999999999742, 4.694117695002317, 1.508606289479935
14.179999999999742, 4.733369870399464, 1.495093027228854
14.189999999999742, 4.71887995800148, 1.449788442522211
14.199999999999742, 4.704200339450886, 1.4897258898220944
14.209999999999742, 4.7222883530136945, 1.5248937907350015
14.219999999999741, 4.749729807779149, 1.523585466341454
14.229999999999741, 4.737204465376138, 1.5494687173567478
14.23999999999974, 4.754803649720704, 1.5490081064594043
14.24999999999974, 4.735616615881043, 1.5615236610537124
14.25999999999974, 4.747643178173635, 1.5858396839721787
14.26999999999974, 4.706580197929933, 1.5990479448493
14.27999999999974, 4.665608535080331, 1.5964461537583259
14.28999999999974, 4.696426305854896, 1.549750640690537
14.29999999999974, 4.692217171930443, 1.548447360613378
14.30999999999974, 4.725835910597393, 1.5414356741239743
14.31999999999974, 4.730466206015269, 1.5478081390001315
14.329999999999739, 4.723647795252434, 1.5408029319608605
14.339999999999739, 4.7388681366045216, 1.5456480933124899
14.349999999999739, 4.785895128004932, 1.5586091764931351
14.359999999999738, 4.795336294556928, 1.5723297055570438
14.369999999999738, 4.818604849841638, 1.571689582762911
14.379999999999738, 4.816473734953174, 1.600667293539445
14.389999999999738, 4.874350275348685, 1.5814340148014814
14.399999999999737, 4.908594710621651, 1.562294094661588
14.409999999999737, 4.897846768048114, 1.539253193813114
14.419999999999737, 4.8927709555478005, 1.5336359059914777
14.429999999999737, 4.902149316438421, 1.5308605542491869
14.439999999999737, 4.872068634571457, 1.5609165796074222
14.449999999999736, 4.869680594117343, 1.5914738798695602
14.459999999999736, 4.8737011755012345, 1.5849244008177077
14.469999999999736, 4.885824527496295, 1.593156081650192
14.479999999999736, 4.866597250020924, 1.5652211058009478
14.489999999999736, 4.89497265335397, 1.578606779927962
14.499999999999735, 4.886688459763168, 1.5870691633777523
14.509999999999735, 4.882104362735055, 1.6112354447154675
14.519999999999735, 4.8870328006497425, 1.586949474704774
14.529999999999735, 4.930581265189518, 1.6058115627345158
14.539999999999734, 4.988242438184918, 1.6235639460632645
14.549999999999734, 4.992963075649764, 1.601968693682482
14.559999999999734, 4.9899513007916605, 1.5988322448636487
14.569999999999734, 5.005887228920983, 1.6242575713228837
14.579999999999734, 4.989116124029729, 1.6205350668416818
14.589999999999733, 4.993568973596421, 1.6258108735760255
14.599999999999733, 4.994234984424599, 1.6193784302952927
14.609999999999733, 4.976700547672392, 1.6588911660137293
14.619999999999733, 4.986721883927757, 1.6541788171599814
14.629999999999733, 4.9702663654320505, 1.6499414448117744
14.639999999999732, 4.973530950502526, 1.636117804755347
14.649999999999732, 4.9622928666479025, 1.666138841331986
14.659999999999732, 4.9521120127392555, 1.6495634374879615
14.669999999999732, 4.948685133755441, 1.6149708849035882
14.679999999999731, 4.943991054521251, 1.648939694851936
14.689999999999731, 4.955154445949196, 1.6566489926057375
14.699999999999731, 4.985888763269898, 1.6410570011679246
14.70999999999973, 4.988674389174363, 1.6528368691391948
14.71999999999973, 4.969106199388243, 1.687303647287219
14.72999999999973, 4.970122299489138, 1.674705269325563
14.73999999999973, 4.966815681044333, 1.6500601079808668
14.74999999999973, 4.984041003344407, 1.6432943058560678
14.75999999999973, 4.970006650155982, 1.6678017583630487
14.76999999999973, 4.958003275830499, 1.642821870228773
14.77999999999973, 4.953607217442014, 1.617710449074321
14.78999999999973, 4.958160897308706, 1.5959423143904956
14.799999999999729, 4.975001507141894, 1.5711035958608526
14.809999999999729, 4.981239886669028, 1.5614434763690674
14.819999999999729, 4.966293240892814, 1.5477845403344976
14.829999999999728, 4.996114925721189, 1.5610318517791668
14.839999999999728, 4.959240569210004, 1.5456980423601696
14.849999999999728, 4.92899956900331, 1.554436618117613
14.859999999999728, 4.914644135581699, 1.5714143353635202
14.869999999999727, 4.919221558329286, 1.5628421088246596
14.879999999999727, 4.912645560241288, 1.565423163404894
14.889999999999727, 4.915139828441486, 1.5655856116057252
14.899999999999727, 4.949463277943642, 1.5538930721151225
14.909999999999727, 4.976280278877013, 1.5975015960298808
14.919999999999726, 4.973963266890431, 1.5918179858448296
14.929999999999726, 4.954425258867413, 1.5990118700198117
14.939999999999726, 4.976215339346514, 1.5836724357432488
14.949999999999726, 5.027081992389067, 1.5976048219703332
14.959999999999726, 5.009149084618577, 1.623798589995961
14.969999999999725, 4.996685750401179, 1.6402917788288554
14.979999999999725, 4.996996292304454, 1.6184207925185652
14.989999999999725, 5.009436629358123, 1.6116824779017598
14.999999999999725, 4.985637799407155, 1.6000199491257028
15.009999999999724, 4.980803489640746, 1.6253838947767056
15.019999999999724, 4.965940042827422, 1.6001924811978951
15.029999999999724, 4.944856645702824, 1.5666317187455676
15.039999999999724, 4.932007015129101, 1.5921192537893047
15.049999999999724, 4.970268031831049, 1.6043940652681445
15.059999999999723, 4.9492027380707535, 1.6167551607174802
15.069999999999723, 4.946967545139571, 1.6150835102347474
15.079999999999723, 4.93263126018601, 1.6170135915063981
15.089999999999723, 4.917851737653306, 1.6288621447298197
15.099999999999723, 4.964972297873499, 1.613570105838293
15.109999999999722, 4.96272133830552, 1.5945392668510479
15.119999999999722, 4.98567386490741, 1.594799160593657
15.129999999999722, 4.9710183567171615, 1.5918588588588465
15.139999999999722, 4.998173439411976, 1.5837357600654185
15.149999999999721, 5.009804813732107, 1.5851618642480947
15.159999999999721, 5.03427686270129, 1.6288440374292938
15.169999999999721, 5.021574930896432, 1.6108460756727616
15.17999999999972, 5.01882857065389, 1.6075235787768019
15.18999999999972, 5.016394290707116, 1.601695718156976
15.19999999999972, 4.992385828073286, 1.622641163048106
15.20999999999972, 4.9509979519160074, 1.5772102807472395
15.21999999999972, 4.929784641509942, 1.5666069906353828
15.22999999999972, 4.91207282231508, 1.5971783876561831
15.23999999999972, 4.909324526803273, 1.609221358978907
15.24999999999972, 4.9367087093626605, 1.6140941276585425
15.25999999999972, 4.975115008595923, 1.5953386069553608
15.269999999999719, 4.991088479760329, 1.574119301085388
15.279999999999719, 5.008745770356466, 1.5686024592102705
15.289999999999718, 5.000131723056495, 1.5516428379319775
15.299999999999718, 5.013067019541606, 1.5719779474345301
15.309999999999718, 5.035528610953435, 1.5853170433591222
15.319999999999718, 5.051150809997957, 1.577637340018424
15.329999999999718, 5.0599896363331895, 1.5780422484126035
15.339999999999717, 5.064934651167926, 1.5658249474673833
15.349999999999717, 5.045381399622447, 1.5740675474012302
15.359999999999717, 5.068727035611062, 1.5571808887859069
15.369999999999717, 5.061024731577926, 1.548012748324767
15.379999999999717, 5.043813950051728, 1.5586931400819033
15.389999999999716, 5.073089045302123, 1.519222239041644
15.399999999999716, 5.0978178275176305, 1.5137272849699972
15.409999999999716, 5.0867787835188105, 1.5424652968269859
15.419999999999716, 5.116500547708251, 1.542017619681203
15.429999999999715, 5.114298167050847, 1.5128591946799412
15.439999999999715, 5.117271585685964, 1.5077367527876364
15.449999999999715, 5.1202964480374025, 1.50079860006517
15.459999999999715, 5.103955099928767, 1.4974973874311788
15.469999999999715, 5.086830400409887, 1.5171029977627335
15.479999999999714, 5.096510018332576, 1.5238039486693753
15.489999999999714, 5.1259017106866525, 1.5653246566376882
15.499999999999714, 5.1837054587760765, 1.56733307684741
15.509999999999714, 5.197527370825804, 1.5752369959678274
15.519999999999714, 5.222561201940496, 1.592263628328646
15.529999999999713, 5.19888914959712, 1.5779883170824938
15.539999999999713, 5.223338955856815, 1.5678569652870198
15.549999999999713, 5.2568062332036956, 1.5737736787114012
15.559999999999713, 5.235840323823346, 1.6024414999616599
15.569999999999713, 5.253211184381612, 1.6352610610542404
15.579999999999712, 5.2507394608566065, 1.611877226504337
15.589999999999712, 5.279605250671445, 1.6119243225295266
15.599999999999712, 5.3084893424500645, 1.5865958857431346
15.609999999999712, 5.32342532710811, 1.5582919673520814
15.619999999999711, 5.351783625478057, 1.543922886752716
15.629999999999711, 5.402910522181198, 1.5426205223848857
15.639999999999711, 5.420200512879205, 1.508106036666188
15.64999999999971, 5.408791360437867, 1.4950543112891168
15.65999999999971, 5.433801283738315, 1.4756345410506293
15.66999999999971, 5.449494738133921, 1.4815106330408356
15.67999999999971, 5.438151476045327, 1.4640943619269968
15.68999999999971, 5.442363563905102, 1.4364097885633103
15.69999999999971, 5.430242563027543, 1.4240752403503771
15.70999999999971, 5.430762564007138, 1.421059506974561
15.71999999999971, 5.428299221562725, 1.4034574934301596
15.729999999999709, 5.411217841724378, 1.3967290315552319
15.739999999999709, 5.433651392667648, 1.399517659599178
15.749999999999709, 5.458432654648781, 1.3904006705902736
15.759999999999708, 5.502346735616463, 1.3785948244883968
15.769999999999708, 5.531754319352154, 1.3993186487508098
15.779999999999708, 5.51456829452345, 1.4046309841046356
15.789999999999708, 5.566031819789761, 1.4282661960647585
15.799999999999708, 5.583060021874374, 1.4334882410178484
15.809999999999707, 5.5594580969110226, 1.4149661512035059
15.819999999999707, 5.617228486788505, 1.3904236732368969
15.829999999999707, 5.60070422907745, 1.4186509998999393
15.839999999999707, 5.574190664076714, 1.455091987503013
15.849999999999707, 5.587763717025144, 1.4505126111643798
15.859999999999706, 5.638798751832205, 1.4100002714432525
15.869999999999706, 5.685666944259259, 1.396635305739249
15.879999999999706, 5.698109381363718, 1.3715162092052624
15.889999999999706, 5.678398136143363, 1.3762718478825293
15.899999999999705, 5.658712114102705, 1.3880190339312308
15.909999999999705, 5.661474109110474, 1.4080908363615445
15.919999999999705, 5.6898010964940395, 1.382968756695884
15.929999999999705, 5.728136676176053, 1.4019198133758102
15.939999999999705, 5.740967409944906, 1.380128635577608
15.949999999999704, 5.7111029504434825, 1.3548003887107183
15.959999999999704, 5.7088251865813175, 1.3567953875801002
15.969999999999704, 5.69646026316567, 1.3273928214595543
15.979999999999704, 5.725874256349137, 1.3243189893299725
15.989999999999704, 5.735596864784466, 1.3085454663445324
15.999999999999703, 5.763328421365509, 1.3156536113650885
16.009999999999703, 5.7937626098985255, 1.2982154654568472
16.019999999999705, 5.816223524046707, 1.265470061816328
16.029999999999706, 5.819499375977457, 1.2399630552739946
16.039999999999708, 5.836446181468921, 1.218253905414494
16.04999999999971, 5.8591166558168615, 1.1844594217898146
16.05999999999971, 5.863685991078979, 1.1649279047668122
16.069999999999713, 5.907852481029261, 1.1488112342054086
16.079999999999714, 5.891039361743217, 1.1055336204884667
16.089999999999716, 5.904875946530825, 1.1025159851813346
16.099999999999717, 5.906202688406061, 1.1137400950803364
16.10999999999972, 5.898893519323803, 1.134050553914121
16.11999999999972, 5.927965116461856, 1.1440096427583932
16.129999999999722, 5.926377894445584, 1.1613615807086706
16.139999999999723, 5.924792431826165, 1.1545421807206853
16.149999999999725, 5.938114563486507, 1.1382379958494504
16.159999999999727, 5.96613958266558, 1.1409474772303199
16.169999999999728, 5.94313931465849, 1.1558047049051836
16.17999999999973, 5.953520668458843, 1.1125105388862166
16.18999999999973, 5.981431406861068, 1.1164368970153664
16.199999999999733, 5.979296885291711, 1.1385650050714227
16.209999999999734, 5.996127837760608, 1.175062481918347
16.219999999999736, 5.976992167878729, 1.1530493843497596
16.229999999999738, 5.990313962028658, 1.126365117747925
16.23999999999974, 6.003632507691396, 1.131452878293968
16.24999999999974, 6.002352190079545, 1.105156445289221
16.259999999999742, 6.003265752735777, 1.1256169288435633
16.269999999999744, 5.999168498031378, 1.1163440118000991
16.279999999999745, 5.997360495231249, 1.0919315527775175
16.289999999999747, 6.022393124135154, 1.1001415104560768
16.29999999999975, 6.053105926529135, 1.0939264045995103
16.30999999999975, 6.039355030049692, 1.0726602798857812
16.31999999999975, 6.064956946901593, 1.0568358087836247
16.329999999999753, 6.048099587684244, 1.0506231343294512
16.339999999999755, 6.022193905135497, 1.0264202686000035
16.349999999999756, 6.018202010746426, 1.0022780305193195
16.359999999999758, 6.046088841284998, 0.9893336815982029
16.36999999999976, 6.058773653626157, 0.9948387999337197
16.37999999999976, 6.03843644426772, 0.9888105229901094
16.389999999999763, 6.026682167402633, 0.9940714726964446
16.399999999999764, 6.045448335482396, 0.9851923484129321
16.409999999999766, 6.031870038985167, 0.9960927457973512
16.419999999999767, 6.067016878346776, 1.0076532041685307
16.42999999999977, 6.0838208590641445, 1.0151173253097523
16.43999999999977, 6.075209614946875, 1.008732472704551
16.449999999999772, 6.082068178613456, 1.0139443680148321
16.459999999999773, 6.111114296226053, 1.0407261460528323
16.469999999999775, 6.107124131519127, 1.0130705905309623
16.479999999999777, 6.119814063945007, 1.0215414365377964
16.489999999999778, 6.144829164046033, 1.0439090225010323
16.49999999999978, 6.143005043569005, 1.0764151758112557
16.50999999999978, 6.181902825710586, 1.0498244195816981
16.519999999999783, 6.209909228289903, 1.0592960321722085
16.529999999999784, 6.214457333256914, 1.0908230772854404
16.539999999999786, 6.219594658130001, 1.1071045977338605
16.549999999999788, 6.222885461956076, 1.0919792956674297
16.55999999999979, 6.218905079066516, 1.0972117222035191
16.56999999999979, 6.199185479840704, 1.1000894580592229
16.579999999999792, 6.197046260990109, 1.12230369830709
16.589999999999794, 6.197960939163306, 1.1729897459642205
16.599999999999795, 6.174963241586165, 1.1703895410348693
16.609999999999797, 6.161222243132303, 1.201557796097499
16.6199999999998, 6.179327077406955, 1.1745778164508642
16.6299999999998, 6.213386841371757, 1.19754238335318
16.6399999999998, 6.218776804240926, 1.193387250477445
16.649999999999803, 6.230301099630821, 1.1736940616821767
16.659999999999805, 6.213494649760265, 1.193861862377069
16.669999999999806, 6.2259722436738905, 1.2378833487626693
16.679999999999808, 6.2091695135932925, 1.2424021606575828
16.68999999999981, 6.220695853317693, 1.2313746642969807
16.69999999999981, 6.224041131685631, 1.2098959751506746
16.709999999999813, 6.220276181593723, 1.2409416899721215
16.719999999999814, 6.210387446724692, 1.255641879309552
16.729999999999816, 6.209114829237553, 1.2657300402177436
16.739999999999817, 6.1972389966781884, 1.2590173760521497
16.74999999999982, 6.1981387230543845, 1.2720890266525877
16.75999999999982, 6.203530153706805, 1.2653562522560162
16.769999999999822, 6.216009634403167, 1.260983180277173
16.779999999999824, 6.245745098257446, 1.2661403075251945
16.789999999999825, 6.256130944677245, 1.2420528989114121
16.799999999999827, 6.263033578234773, 1.2050658089548296
16.809999999999828, 6.267768656212672, 1.1853376194504892
16.81999999999983, 6.283508692876321, 1.1737863284164662
16.82999999999983, 6.301611007215548, 1.1500037167868093
16.839999999999833, 6.332329365408762, 1.1233680519670923
16.849999999999834, 6.333217726145345, 1.1334235303830218
16.859999999999836, 6.340100186697049, 1.139664239568051
16.869999999999838, 6.33844994318431, 1.171900857278418
16.87999999999984, 6.366366315687729, 1.1817935007266571
16.88999999999984, 6.352625875619518, 1.1780923078363605
16.899999999999842, 6.349570225838918, 1.2000728009664057
16.909999999999844, 6.354139885007922, 1.2091895505527173
16.919999999999845, 6.359530417130416, 1.2403113496394014
16.929999999999847, 6.362875852683966, 1.2308776869029472
16.93999999999985, 6.379713239239548, 1.2526051394340094
16.94999999999985, 6.380613012498436, 1.2360169619471086
16.95999999999985, 6.376848966239373, 1.1990520865500196
16.969999999999853, 6.362612311561588, 1.2149977274560129
16.979999999999855, 6.397478713542088, 1.2030287549412402
16.989999999999856, 6.401153186019137, 1.229255263070401
16.999999999999858, 6.413632492350967, 1.236058331125764
17.00999999999986, 6.39466342349435, 1.2408302359119572
17.01999999999986, 6.393390763263947, 1.2382537991009437
17.029999999999863, 6.39174914561852, 1.2286530239391609
17.039999999999864, 6.408010626303859, 1.2123704918849472
17.049999999999866, 6.4089346176772155, 1.2213394712053234
17.059999999999867, 6.4071357668689295, 1.226632040535008
17.06999999999987, 6.436797350273759, 1.2467451301977732
17.07999999999987, 6.423258555958998, 1.2829267216028666
17.089999999999872, 6.40295758253626, 1.3055363383907335
17.099999999999874, 6.373942140751837, 1.3556214081592846
17.109999999999875, 6.366634234896546, 1.3783295983061932
17.119999999999877, 6.38288398608948, 1.3750439607771083
17.129999999999878, 6.399710016760199, 1.3946444263879527
17.13999999999988, 6.4100802668653145, 1.3823784694738437
17.14999999999988, 6.428173222856906, 1.3790704462099372
17.159999999999883, 6.453206619603719, 1.3622601560749783
17.169999999999884, 6.488379471570245, 1.3685918163899107
17.179999999999886, 6.4786715332002185, 1.373355954303253
17.189999999999888, 6.471073809467671, 1.3764387545705605
17.19999999999989, 6.455026170875571, 1.4262641043513447
17.20999999999989, 6.464993929207677, 1.4217029977175795
17.219999999999892, 6.451233399996989, 1.430044580456714
17.229999999999894, 6.452132951165011, 1.4183542150774484
17.239999999999895, 6.4758808469264775, 1.3929540935747993
17.249999999999897, 6.483186175433214, 1.3709021705691287
17.2599999999999, 6.481901707080478, 1.333453403687964
17.2699999999999, 6.491888354191651, 1.3421069979257039
17.2799999999999, 6.472176929997904, 1.3346427071875664
17.289999999999903, 6.4821634655534925, 1.3272640479802258
17.299999999999905, 6.47457319859168, 1.3377880946532832
17.309999999999906, 6.472985600762258, 1.317756725990769
17.319999999999908, 6.459628825730525, 1.3104132175404486
17.32999999999991, 6.490696998157786, 1.3006161896027164
17.33999999999991, 6.504021759404625, 1.318052582154889
17.349999999999913, 6.539200739894898, 1.303489770563956
17.359999999999914, 6.597476721708735, 1.33015909305823
17.369999999999916, 6.577170776988356, 1.3058195149087455
17.379999999999917, 6.578067791042613, 1.3100888606880687
17.38999999999992, 6.592795464527602, 1.3027315309811973
17.39999999999992, 6.610421179743452, 1.3049174178415661
17.409999999999922, 6.641489497731436, 1.2949090129227983
17.419999999999924, 6.651488936749838, 1.2760168333908188
17.429999999999925, 6.652413360967972, 1.268840308019819
17.439999999999927, 6.632708548979112, 1.299682854171668
17.44999999999993, 6.636382376256919, 1.3222159494698744
17.45999999999993, 6.675360127974619, 1.3003973760491871
17.46999999999993, 6.688550150275885, 1.3037246784967604
17.479999999999933, 6.692223434811476, 1.2768632617424154
17.489999999999934, 6.721301161100138, 1.2984182333117142
17.499999999999936, 6.7156185780022275, 1.2885810201071084
17.509999999999938, 6.711853165533256, 1.2707290489890877
17.51999999999994, 6.735622969645728, 1.2807519331894752
17.52999999999994, 6.751883812308724, 1.2695748112811134
17.539999999999942, 6.787066227641883, 1.3013574212167383
17.549999999999944, 6.804010200110621, 1.3321253646412172
17.559999999999945, 6.826541070473792, 1.3251170220190434
17.569999999999947, 6.861401946489955, 1.3149982917017302
17.57999999999995, 6.865073088672845, 1.2959979605881826
17.58999999999995, 6.890690204536642, 1.2859992546023575
17.59999999999995, 6.909491199803821, 1.2882261320881918
17.609999999999953, 6.895950591212788, 1.284120462657483
17.619999999999955, 6.881714429169968, 1.314951829376338
17.629999999999956, 6.888612005811819, 1.3100117438841627
17.639999999999958, 6.917686061216021, 1.3026159706465361
17.64999999999996, 6.900846627052372, 1.2927383903124057
17.65999999999996, 6.898719486849573, 1.3056488803059987
17.669999999999963, 6.923761948480173, 1.3007473497330622
17.679999999999964, 6.924658463769902, 1.297255319483729
17.689999999999966, 6.918340617885513, 1.2931075402887735
17.699999999999967, 6.94395790558897, 1.2688792375339173
17.70999999999997, 6.971989004373248, 1.3083469295083394
17.71999999999997, 6.962095766375006, 1.3128000841987468
17.729999999999972, 6.963292996148964, 1.3342467305979633
17.739999999999974, 6.980911818977774, 1.3195440972594874
17.749999999999975, 6.962257463384714, 1.30392105819124
17.759999999999977, 6.990174358594308, 1.3308557617961363
17.76999999999998, 7.029148074386889, 1.3151782018641516
17.77999999999998, 7.02537809364883, 1.3077354907798582
17.78999999999998, 7.038096467096189, 1.3384424864755022
17.799999999999983, 7.026369130791578, 1.3216608335856712
17.809999999999985, 7.017782612113642, 1.30763841736324
17.819999999999986, 6.998073446973241, 1.2917790545022019
17.829999999999988, 6.984334012379509, 1.2717070558428418
17.83999999999999, 6.997660232118253, 1.2579256567446189
17.84999999999999, 7.015288364338445, 1.2361513859561866
17.859999999999992, 7.009607904965932, 1.187524440640623
17.869999999999994, 6.990469847433611, 1.169102221676523
17.879999999999995, 6.988994125699414, 1.2056504577255505
17.889999999999997, 6.979102758141142, 1.2561361812180636
17.9, 6.962300073146416, 1.2343706306552824
17.91, 6.950424076532157, 1.2122078504490554
17.92, 6.980525149944344, 1.243296768982787
17.930000000000003, 7.008445832872647, 1.2161953568962394
17.940000000000005, 7.024706058625065, 1.218356542071827
17.950000000000006, 7.047242996614524, 1.2174102973955574
17.960000000000008, 7.048443889578143, 1.1978597167256166
17.97000000000001, 7.049309029250901, 1.1863482532588205
17.98000000000001, 7.0794060273036825, 1.185978311827051
17.990000000000013, 7.067683760130291, 1.181639610207782
18.000000000000014, 7.086479332124104, 1.174843475271531
18.010000000000016, 7.103417521784088, 1.196294147652065
18.020000000000017, 7.120367371811119, 1.2164838433065357
18.03000000000002, 7.114685382555784, 1.1889490732777832
18.04000000000002, 7.094974983615835, 1.2113598665360097
18.050000000000022, 7.100126345943093, 1.1849045890492953
18.060000000000024, 7.105273411792204, 1.2112931654409467
18.070000000000025, 7.122217910414331, 1.2332228244732062
18.080000000000027, 7.106182660099677, 1.2235096618888917
18.09000000000003, 7.090146757262804, 1.2189466553993549
18.10000000000003, 7.112683634010601, 1.2401793853458247
18.11000000000003, 7.0771161335488095, 1.218875804937255
18.120000000000033, 7.094742881644415, 1.1880352924527096
18.130000000000035, 7.086157732750551, 1.1782189875144038
18.140000000000036, 7.090886268739963, 1.2095571084993264
18.150000000000038, 7.121609045537251, 1.2054342507570865
18.16000000000004, 7.150684300846893, 1.2091864171112086
18.17000000000004, 7.181406828882694, 1.1784031769360102
18.180000000000042, 7.152384847754441, 1.1624234190805933
18.190000000000044, 7.163898446530725, 1.162197202999739
18.200000000000045, 7.1553062142705395, 1.1773246997415954
18.210000000000047, 7.144579683830369, 1.213870756748117
18.22000000000005, 7.183493679396887, 1.2207874095230002
18.23000000000005, 7.172774504622041, 1.2409730467027307
18.24000000000005, 7.159235578839331, 1.2473858518822434
18.250000000000053, 7.163807030727932, 1.2403244944524114
18.260000000000055, 7.171128674369883, 1.2423671837050034
18.270000000000056, 7.202199654115241, 1.2247106610415488
18.280000000000058, 7.185390643072353, 1.2469486554734277
18.29000000000006, 7.202337480894254, 1.2398338957619393
18.30000000000006, 7.242200287046069, 1.23727994079811
18.310000000000063, 7.252586001938181, 1.2420728660867355
18.320000000000064, 7.287453180788062, 1.2284364903795433
18.330000000000066, 7.275576575739919, 1.2214583800171632
18.340000000000067, 7.293681260449932, 1.2169641504609858
18.35000000000007, 7.270754833173232, 1.1949172951412936
18.36000000000007, 7.271618021999319, 1.2034872069358933
18.370000000000072, 7.257379052321975, 1.2082272071583344
18.380000000000074, 7.28703769943541, 1.1714456549134693
18.390000000000075, 7.288227812353118, 1.1763693651888867
18.400000000000077, 7.293608696467311, 1.1967067806464446
18.41000000000008, 7.308333838139993, 1.1941633916147636
18.42000000000008, 7.319853783705106, 1.2045904008035961
18.43000000000008, 7.315885302446332, 1.2022452170541071
18.440000000000083, 7.3142390312128285, 1.1930542898522947
18.450000000000085, 7.325758662008534, 1.2134143213753168
18.460000000000086, 7.321791673894662, 1.2018633247037775
18.470000000000088, 7.360702951621036, 1.1900538116757864
18.48000000000009, 7.384465188920727, 1.1878032715046036
18.49000000000009, 7.3709174767524095, 1.2058007071019872
18.500000000000092, 7.365232867605823, 1.1861909310000815
18.510000000000094, 7.339340573587915, 1.2041925661920285
18.520000000000095, 7.33537188934439, 1.1926978377245514
18.530000000000097, 7.331600944786916, 1.171494684282657
18.5400000000001, 7.334891858222827, 1.1988201912009284
18.5500000000001, 7.341778388975392, 1.203843035585092
18.5600000000001, 7.322804853360446, 1.1554220413502974
18.570000000000103, 7.338528917516437, 1.1706411109872659
18.580000000000105, 7.324778336338605, 1.2020892791943592
18.590000000000106, 7.341720339913291, 1.1925695936528806
18.600000000000108, 7.371375197357682, 1.215632847898843
18.61000000000011, 7.352239923162918, 1.1849154915037112
18.62000000000011, 7.341512920491056, 1.1758345894041946
18.630000000000113, 7.358455397254162, 1.171574739345246
18.640000000000114, 7.329428657768945, 1.1521659406532614
18.650000000000116, 7.325644452916513, 1.1309985216944733
18.660000000000117, 7.3360006506008855, 1.1384195156086212
18.67000000000012, 7.300406669325194, 1.1435514001956955
18.68000000000012, 7.314230774926634, 1.1586964670851632
18.690000000000122, 7.339833095414178, 1.185285761749625
18.700000000000124, 7.326087030786112, 1.1703662858733168
18.710000000000125, 7.3571447059658865, 1.1668942851114887
18.720000000000127, 7.345413397805512, 1.123821090906396
18.73000000000013, 7.34161501393486, 1.1108828848164243
18.74000000000013, 7.334273715835306, 1.1168904301527416
18.75000000000013, 7.327920973848545, 1.1615073828570315
18.760000000000133, 7.322224197912464, 1.1609144225533754
18.770000000000135, 7.320082643022619, 1.1976007025261446
18.780000000000136, 7.308201208479517, 1.2080105561842158
18.790000000000138, 7.337276012490624, 1.235119098777559
18.80000000000014, 7.31435131467119, 1.2341091291622146
18.81000000000014, 7.33118844296792, 1.2331035444382967
18.820000000000142, 7.347449656325486, 1.2235607740970635
18.830000000000144, 7.386364281162061, 1.2202885890983743
18.840000000000146, 7.410132474615816, 1.2041129705542204
18.850000000000147, 7.4398629591499175, 1.2063987327217176
18.86000000000015, 7.470583477090951, 1.1727922022807973
18.87000000000015, 7.469295151115809, 1.159613428254247
18.88000000000015, 7.455536637303226, 1.173299867705602
18.890000000000153, 7.4524695870636535, 1.170945678302352
18.900000000000155, 7.446773383830959, 1.184552086915201
18.910000000000156, 7.450108001006455, 1.162734574991318
18.920000000000158, 7.455480316024749, 1.1740943438875697
18.93000000000016, 7.44374944548378, 1.1702575108638724
18.94000000000016, 7.423433239989619, 1.1510482716617951
18.950000000000163, 7.430311989960593, 1.1569933886298942
18.960000000000164, 7.407296701913842, 1.2014187505131564
18.970000000000166, 7.393554033279135, 1.1830014965387956
18.980000000000167, 7.428410833014951, 1.1805649019689064
18.99000000000017, 7.408098795874749, 1.17989323923057
19.00000000000017, 7.402406853379498, 1.1777184746453595
19.010000000000172, 7.386359672234664, 1.1511944991698566
19.020000000000174, 7.383285239757624, 1.156517648359889
19.030000000000175, 7.372547462634024, 1.1659218499172996
19.040000000000177, 7.349537553079502, 1.1543387816457675
19.05000000000018, 7.3664719296523735, 1.194457747543599
19.06000000000018, 7.369769045957185, 1.1827019050363636
19.07000000000018, 7.399420826502636, 1.2102889375268222
19.080000000000183, 7.429079098809312, 1.1795391798060464
19.090000000000185, 7.4417899561612195, 1.1773737682640755
19.100000000000186, 7.451778004253604, 1.1738998619961034
19.110000000000188, 7.465610322003894, 1.1964896318388165
19.12000000000019, 7.445302678879217, 1.2056737580191474
19.13000000000019, 7.428461740765168, 1.1782517343345824
19.140000000000192, 7.414712010117348, 1.1538997940941247
19.150000000000194, 7.44435174044, 1.1633339385747168
19.160000000000196, 7.454718772090908, 1.15675391923967
19.170000000000197, 7.431702527305462, 1.1394626016833267
19.1800000000002, 7.471535306370891, 1.1797108970355588
19.1900000000002, 7.506705062439331, 1.173370333625094
19.200000000000202, 7.4880408005634145, 1.1559943310882537
19.210000000000203, 7.491692979850656, 1.1531844565964569
19.220000000000205, 7.503193799751896, 1.169593647374475
19.230000000000206, 7.5380431046545935, 1.14877683640516
19.240000000000208, 7.552743799869801, 1.1398897414663427
19.25000000000021, 7.5764774450293055, 1.142655387793517
19.26000000000021, 7.572477024739752, 1.1565167403124519
19.270000000000213, 7.60763248838413, 1.1373020815537107
19.280000000000214, 7.595874218440116, 1.144853951112565
19.290000000000216, 7.623758931921102, 1.1727951801976921
19.300000000000217, 7.644838901213129, 1.1786944542038014
19.31000000000022, 7.648166200563292, 1.1893401371752976
19.32000000000022, 7.662883809266148, 1.1754857230756255
19.330000000000222, 7.654284045208847, 1.1689588041171106
19.340000000000224, 7.655462576716664, 1.174769436549855
19.350000000000225, 7.681061536228487, 1.1566264398127515
19.360000000000227, 7.682230603936372, 1.1749761138342407
19.37000000000023, 7.663076357889769, 1.1689020855652275
19.38000000000023, 7.693154941409212, 1.1684180088593978
19.39000000000023, 7.6795900222505145, 1.1743909701761117
19.400000000000233, 7.673887961874038, 1.2111522093844198
19.410000000000235, 7.687074734351654, 1.1971398528317685
19.420000000000236, 7.646371158745068, 1.1704241713948058
19.430000000000238, 7.676010438345911, 1.1745530363298762
19.44000000000024, 7.706714114128252, 1.1631767237057409
19.45000000000024, 7.734604469729234, 1.1369044286090253
19.460000000000242, 7.748397276646293, 1.1068413478714696
19.470000000000244, 7.7253840357866235, 1.1211319460521376
19.480000000000246, 7.769485092469338, 1.1068809431560178
19.490000000000247, 7.808308266248472, 1.1177253117277464
19.50000000000025, 7.811567176354027, 1.1035995253836681
19.51000000000025, 7.816197160563351, 1.0779313439755258
19.520000000000252, 7.845128162630771, 1.1005386107013992
19.530000000000253, 7.831655552356291, 1.0951188383198085
19.540000000000255, 7.8440108879057515, 1.0985158815622782
19.550000000000257, 7.853889824726844, 1.082021295471859
19.560000000000258, 7.879356308037407, 1.0587765016450572
19.57000000000026, 7.8684298927401555, 1.0625843005321878
19.58000000000026, 7.8691339206582676, 1.0464545073009108
19.590000000000263, 7.849771552826058, 1.0206535844762146
19.600000000000264, 7.8542319149581, 1.0272167205693454
19.610000000000266, 7.863960335473471, 1.036997349046639
19.620000000000267, 7.852994994926309, 1.0457033392901423
19.63000000000027, 7.886835315267878, 1.0432552741826766
19.64000000000027, 7.885121866036113, 1.0499496593321713
19.650000000000272, 7.918954510277877, 1.0148438968467615
19.660000000000274, 7.912934653588519, 1.021629891247167
19.670000000000275, 7.908853869362704, 1.0302246982927852
19.680000000000277, 7.956115676399816, 1.0431685404625373
19.69000000000028, 7.951734534551013, 1.0762277383971641
19.70000000000028, 7.93122701971074, 1.0876656647392497
19.71000000000028, 7.921357954377596, 1.116501319300155
19.720000000000283, 7.907505878182795, 1.119845502222484
19.730000000000285, 7.946316274441574, 1.116446051957625
19.740000000000286, 7.950765018865746, 1.1439052613457865
19.750000000000288, 7.990548988849331, 1.162646532753963
19.76000000000029, 8.014259266417971, 1.1388163049180067
19.77000000000029, 7.995023542898886, 1.1454235377478406
19.780000000000292, 7.996139397724541, 1.1682594142559926
19.790000000000294, 7.979283356826295, 1.1382580454073443
19.800000000000296, 7.965650117163243, 1.147226606109834
19.810000000000297, 7.95827323277333, 1.1319788984404244
19.8200000000003, 7.983220120301101, 1.10224210653839
19.8300000000003, 7.9767403623615465, 1.0728633649377073
19.840000000000302, 7.959702840533909, 1.0830282574090173
19.850000000000303, 7.9452720718906225, 1.0955909955046588
19.860000000000305, 7.941145569792141, 1.0784768017837019
19.870000000000307, 7.9566915866744035, 1.06465512517828
19.880000000000308, 7.969646409742542, 1.0773932484712152
19.89000000000031, 7.96311692640152, 1.0721023506312546
19.90000000000031, 7.988513141784655, 1.1049624130716835
19.910000000000313, 8.005306299914798, 1.0998982156394195
19.920000000000314, 8.034861392973845, 1.1079532988343386
19.930000000000316, 8.015716054224757, 1.106195562751673
19.940000000000317, 8.018849087313631, 1.0980426241783432
19.95000000000032, 8.033388026888217, 1.078431442807436
19.96000000000032, 8.047866417524073, 1.0733252287381838
19.970000000000322, 8.046121283980364, 1.0778031815403066
19.980000000000324, 8.034149223516025, 1.0550326231595142
19.990000000000325, 8.034695984367445, 1.050483155449303
20.000000000000327, 8.024470148840168, 1.0364246389392986
20.01000000000033, 8.034099340786012, 1.0362280006074722
20.02000000000033, 8.037061964298534, 1.029091919971982
20.03000000000033, 8.030336662009177, 1.0276860939501573
20.040000000000333, 8.010960288350097, 1.0804850888495288
20.050000000000335, 8.0447919982752, 1.078967696199679
20.060000000000336, 8.061479477402061, 1.0739133405832646
20.070000000000338, 8.055511405499475, 1.0753619358617712
20.08000000000034, 8.053766167748066, 1.0621545827819872
20.09000000000034, 8.105289123225484, 1.0478083810326728
20.100000000000342, 8.11025508674739, 1.0497052901472035
20.110000000000344, 8.108557526927356, 1.049014433001327
20.120000000000346, 8.139203197572126, 1.0662594168162545
20.130000000000347, 8.134716785598762, 1.061619388324973
20.14000000000035, 8.132508216869962, 1.077249115169559
20.15000000000035, 8.167344291845025, 1.0547762182245999
20.160000000000352, 8.183802536078849, 1.0432142063828413
20.170000000000353, 8.222144979442065, 1.0722524792270223
20.180000000000355, 8.236008577282142, 1.072195215381355
20.190000000000357, 8.254281439777275, 1.101121223686077
20.200000000000358, 8.249780583592326, 1.10022719595697
20.21000000000036, 8.230723750265794, 1.101655136033716
20.22000000000036, 8.269334345855855, 1.0757663019930193
20.230000000000363, 8.267477822498993, 1.0807589140567073
20.240000000000364, 8.247958883898917, 1.1232277035630744
20.250000000000366, 8.228529107873237, 1.1005519649806799
20.260000000000367, 8.250693516783072, 1.1230008488370955
20.27000000000037, 8.239674205872998, 1.1613469278163384
20.28000000000037, 8.21364668105034, 1.1413210418366821
20.290000000000372, 8.210402232107144, 1.1243479787136736
20.300000000000374, 8.22334360785196, 1.09968885891123
20.310000000000375, 8.2467434815628, 1.0903309241159407
20.320000000000377, 8.274320551303823, 1.0965153640878857
20.33000000000038, 8.265267101857502, 1.075194078198577
20.34000000000038, 8.277169161453656, 1.0801709366286047
20.35000000000038, 8.260557951361468, 1.082055280043113
20.360000000000383, 8.276985176363803, 1.107982313225278
20.370000000000385, 8.292312040413803, 1.0987645698759727
20.380000000000386, 8.30181393420544, 1.1103846197258023
20.390000000000388, 8.331025319292351, 1.1097680872033442
20.40000000000039, 8.318787411140415, 1.087774260208204
20.41000000000039, 8.33287947442425, 1.063774226861551
20.420000000000393, 8.323657537628048, 1.0572684325843156
20.430000000000394, 8.332770412070838, 1.0299907809067324
20.440000000000396, 8.37918675773717, 1.0223383308303133
20.450000000000397, 8.358578333229623, 1.046888884988328
20.4600000000004, 8.387189245423812, 1.0587218922527908
20.4700000000004, 8.415092816147274, 1.069626213824189
20.480000000000402, 8.431958381979408, 1.0885764545645322
20.490000000000403, 8.460914503466467, 1.0880077144809261
20.500000000000405, 8.469538794522563, 1.065362491764017
20.510000000000407, 8.497517736652052, 1.0608977075188888
20.520000000000408, 8.511107329067782, 1.0759863062360475
20.53000000000041, 8.513727605864071, 1.0537022051684886
20.54000000000041, 8.52697719192234, 1.0904214601133895
20.550000000000413, 8.523391123400488, 1.0865726293498135
20.560000000000414, 8.49833863459501, 1.0978532588933265
20.570000000000416, 8.488145721569195, 1.1244070369226138
20.580000000000418, 8.49950697792097, 1.1044518524104963
20.59000000000042, 8.49068126278268, 1.0843437574504
20.60000000000042, 8.472151788934298, 1.106354654952321
20.610000000000422, 8.49345753287364, 1.1073575404396272
20.620000000000424, 8.496776701476524, 1.1142897287851807
20.630000000000425, 8.513057874698987, 1.0939246271228795
20.640000000000427, 8.488205041955213, 1.1211546667300423
20.65000000000043, 8.497041023409306, 1.1463909576291396
20.66000000000043, 8.492202131543216, 1.142897474516398
20.67000000000043, 8.520975158508415, 1.1248255930743012
20.680000000000433, 8.517950092375305, 1.1357752973465998
20.690000000000435, 8.526727990753987, 1.1305603746611048
20.700000000000436, 8.530706471304422, 1.130446240098471
20.710000000000438, 8.534633002746425, 1.1128263251691484
20.72000000000044, 8.550418552231742, 1.1396694381085914
20.73000000000044, 8.547275302046684, 1.1377560275087377
20.740000000000443, 8.59327528484998, 1.1595399592258346
20.750000000000444, 8.592580463997235, 1.1667139863261304
20.760000000000446, 8.607164584759609, 1.161490994618779
20.770000000000447, 8.600865990659333, 1.1900823995708238
20.78000000000045, 8.58783690403265, 1.2158825446715955
20.79000000000045, 8.594393334622467, 1.2205966616914443
20.800000000000452, 8.638270279974812, 1.27302086143077
20.810000000000453, 8.660304367042967, 1.2488724071534085
