time, x, y
0.0, 0.017619628299630798, 0.01080257830837552
0.01, 0.03754037201787995, -0.020121642570980282
0.02, 0.06590554388184149, 0.00041443712558590987
0.03, 0.06404894623711616, 0.024049211481902807
0.04, 0.10892097983731966, 0.04312591156353546
0.05, 0.14604713585702897, 0.04630446366888864
0.060000000000000005, 0.14781182762946843, 0.06201794175638163
0.07, 0.14592900139008871, 0.06698516908906635
0.08, 0.16126540045584142, 0.06596382920157355
0.09, 0.13949296650647094, 0.08909258327825882
0.09999999999999999, 0.15251862665057242, 0.0904457530991567
0.10999999999999999, 0.14346211994486596, 0.0854227934144711
0.11999999999999998, 0.1300125331257777, 0.08859702777776188
0.12999999999999998, 0.1570492424689435, 0.09906812252623504
0.13999999999999999, 0.13401380503839344, 0.08105685656640459
0.15, 0.1282414801167506, 0.06303255757636113
0.16, 0.1238592178016274, 0.06512593309474753
0.17, 0.12203082648385508, 0.0819458035212374
0.18000000000000002, 0.1490717562623301, 0.11065883179290459
0.19000000000000003, 0.14332196908555725, 0.11903547821388642
0.20000000000000004, 0.1685717746737611, 0.13084928816314215
0.21000000000000005, 0.16677028018870008, 0.13399658857279617
0.22000000000000006, 0.1740708335109905, 0.13565791370516797
0.23000000000000007, 0.17610339610941766, 0.11500601645291587
0.24000000000000007, 0.16926860971367233, 0.11139739362347761
0.25000000000000006, 0.16244154064888178, 0.1391590971455823
0.26000000000000006, 0.16492191884072446, 0.12289314119771651
0.2700000000000001, 0.1600887546412716, 0.1169287950489702
0.2800000000000001, 0.14384080528448245, 0.10523292050535846
0.2900000000000001, 0.18531387829318002, 0.06253006826309723
0.3000000000000001, 0.203553946822952, 0.05230418000569635
0.3100000000000001, 0.23170709144710244, 0.06380943892818138
0.3200000000000001, 0.22710646313749625, 0.09309256089192083
0.3300000000000001, 0.23669029843772132, 0.1261199822078334
0.34000000000000014, 0.2321926629708666, 0.1275925177645954
0.35000000000000014, 0.23269471403967726, 0.11812347439658215
0.36000000000000015, 0.2130299654998172, 0.10867011534191007
0.37000000000000016, 0.21109327225900684, 0.11997309560004413
0.38000000000000017, 0.206815015242891, 0.1164809871819725
0.3900000000000002, 0.20236483551206222, 0.1321960812772991
0.4000000000000002, 0.23851089218857743, 0.15278821386844535
0.4100000000000002, 0.2430224167340776, 0.1153091161127763
0.4200000000000002, 0.2380072986765363, 0.17174305703596354
0.4300000000000002, 0.24771358709409094, 0.17453606648627637
0.4400000000000002, 0.25645048910803603, 0.21246951231469988
0.45000000000000023, 0.2519163285371508, 0.22522447870834386
0.46000000000000024, 0.3010561672715877, 0.2210930420914545
0.47000000000000025, 0.2909362316913579, 0.20565100437867012
0.48000000000000026, 0.27437205482763655, 0.18694572627223585
0.49000000000000027, 0.25471056230267336, 0.17936676534447485
0.5000000000000002, 0.24333553976344924, 0.18743497067701864
0.5100000000000002, 0.26562664868426206, 0.2244584553594128
0.5200000000000002, 0.253197160678661, 0.25766281811180236
0.5300000000000002, 0.2552934449687506, 0.28526384406669747
0.5400000000000003, 0.2660305424049403, 0.28435945148749053
0.5500000000000003, 0.27778091196223875, 0.2705597868045336
0.5600000000000003, 0.3061830116846484, 0.2730961661976735
0.5700000000000003, 0.2937581076306843, 0.2696469177839689
0.5800000000000003, 0.3299673429250851, 0.25928901030486873
0.5900000000000003, 0.362022770466559, 0.28704061672902903
0.6000000000000003, 0.34238265276812546, 0.28350601088158783
0.6100000000000003, 0.3622614355383168, 0.2778148889123014
0.6200000000000003, 0.3397051883905344, 0.2906691468175612
0.6300000000000003, 0.32857754706507963, 0.27188785509827984
0.6400000000000003, 0.3028702205723844, 0.24965270068606066
0.6500000000000004, 0.3148332354638678, 0.23599624263757657
0.6600000000000004, 0.31073776378525486, 0.24448122704310574
0.6700000000000004, 0.2911334721365183, 0.25640478160446406
0.6800000000000004, 0.28930578206123747, 0.2513695604454651
0.6900000000000004, 0.29976493602441584, 0.25031645274778985
0.7000000000000004, 0.27670541560544976, 0.25170645339838404
0.7100000000000004, 0.296539612427319, 0.27347287125105746
0.7200000000000004, 0.30115585463635103, 0.28842465179360544
0.7300000000000004, 0.30847134419466316, 0.2788191879857006
0.7400000000000004, 0.29221041403403425, 0.2805073323295498
0.7500000000000004, 0.3293918897656415, 0.27451927297132206
0.7600000000000005, 0.33980470482019565, 0.28884313389797067
0.7700000000000005, 0.3297299237048582, 0.28510300479978873
0.7800000000000005, 0.3255042205116239, 0.29751262326738803
0.7900000000000005, 0.34545158746654164, 0.2992020444907428
0.8000000000000005, 0.33432782194962296, 0.2742594429768409
0.8100000000000005, 0.34848278989232456, 0.2589788922446003
0.8200000000000005, 0.30493335561167684, 0.24030380019247224
0.8300000000000005, 0.3054876046719903, 0.24836808638229785
0.8400000000000005, 0.34169377234327175, 0.27608936068209694
0.8500000000000005, 0.36691964696085416, 0.2875005535672117
0.8600000000000005, 0.34108249597422685, 0.28403536684968433
0.8700000000000006, 0.3392195655824032, 0.267869824109074
0.8800000000000006, 0.33970711367916434, 0.29388411441104084
0.8900000000000006, 0.3201399509688587, 0.30525992793131423
0.9000000000000006, 0.3067270834756729, 0.2842792336133123
0.9100000000000006, 0.30025613242274685, 0.29990617591159696
0.9200000000000006, 0.2746714967003819, 0.311055925746386
0.9300000000000006, 0.25528339919851495, 0.33398659326332175
0.9400000000000006, 0.24974042761727047, 0.3543259682420746
0.9500000000000006, 0.24517807953552112, 0.3490236949621424
0.9600000000000006, 0.27346471470566264, 0.3299666133188464
0.9700000000000006, 0.2754972995643523, 0.30810817728738493
0.9800000000000006, 0.300940801776931, 0.3361027115476829
0.9900000000000007, 0.33726951016186024, 0.35162196115614514
1.0000000000000007, 0.32292275330457487, 0.363924979963298
1.0100000000000007, 0.3117643495602306, 0.36273350221695155
1.0200000000000007, 0.3567617887701545, 0.37392258451192995
1.0300000000000007, 0.35254348117512074, 0.3876015607499993
1.0400000000000007, 0.33620893691364484, 0.42441798470912473
1.0500000000000007, 0.34757637271746716, 0.418119422981057
1.0600000000000007, 0.3550580538993029, 0.41436606813219085
1.0700000000000007, 0.3507145107352135, 0.4401388582472355
1.0800000000000007, 0.40007683466564076, 0.41895907000320115
1.0900000000000007, 0.3888542543618228, 0.4326438743813646
1.1000000000000008, 0.3962700584648513, 0.42083669113299044
1.1100000000000008, 0.3873251810070668, 0.3831990688922596
1.1200000000000008, 0.4073055295266346, 0.3981301068064719
1.1300000000000008, 0.3949017117248444, 0.3605617526785863
1.1400000000000008, 0.3753408029387067, 0.3823755265905931
1.1500000000000008, 0.39644780888930503, 0.3719787877145946
1.1600000000000008, 0.41638132072038175, 0.417557896576553
1.1700000000000008, 0.44277273183093085, 0.4287313962497218
1.1800000000000008, 0.45323614983446014, 0.4008663190081699
1.1900000000000008, 0.4214042331387066, 0.37307866482299734
1.2000000000000008, 0.43434929679606404, 0.3574192296845563
1.2100000000000009, 0.44832184641461714, 0.3852157904796561
1.2200000000000009, 0.47655226358594, 0.4060007758819412
1.2300000000000009, 0.48841390643158994, 0.39342110290793886
1.2400000000000009, 0.5152198794236644, 0.3903364563594041
1.2500000000000009, 0.5065289710978302, 0.4193153239308917
1.260000000000001, 0.5337109588211167, 0.4144443041069773
1.270000000000001, 0.5614276666279194, 0.4180879160351696
1.280000000000001, 0.5543828266620174, 0.41008165397615026
1.290000000000001, 0.5352696900875564, 0.40626369061365636
1.300000000000001, 0.5119378699467731, 0.44439691457565156
1.310000000000001, 0.5072612856832893, 0.41665937869894987
1.320000000000001, 0.5026907417455841, 0.4248391906872937
1.330000000000001, 0.5125161303407323, 0.46286390929722926
1.340000000000001, 0.49103133601306204, 0.4865944452051077
1.350000000000001, 0.4916128161596039, 0.47829181010363175
1.360000000000001, 0.5027162834946856, 0.4746811392130764
1.370000000000001, 0.49835260960828864, 0.47364520121752574
1.380000000000001, 0.5124174315817099, 0.47643776941404314
1.390000000000001, 0.49790432571410576, 0.4730545734962417
1.400000000000001, 0.5002850058538542, 0.48359048044696773
1.410000000000001, 0.49573210643200694, 0.4825000145258291
1.420000000000001, 0.4939122775949146, 0.4974787758095616
1.430000000000001, 0.4744050978001754, 0.5233960321218871
1.440000000000001, 0.45846097336136754, 0.5079372981474004
1.450000000000001, 0.4948570948125872, 0.5158197866223412
1.460000000000001, 0.49311887305812924, 0.5125070166901807
1.470000000000001, 0.5131232626700571, 0.5243169280608438
1.480000000000001, 0.5005423425074553, 0.5256480540697903
1.490000000000001, 0.5166900303398435, 0.5584676469227822
1.500000000000001, 0.5310185353063441, 0.5545886984432157
1.5100000000000011, 0.5410743635426071, 0.5579438512618222
1.5200000000000011, 0.5248485825184098, 0.5269117145804452
1.5300000000000011, 0.5446687406476101, 0.5208315046053648
1.5400000000000011, 0.5674997033646313, 0.5499723446347021
1.5500000000000012, 0.5680629057266166, 0.5580289389173647
1.5600000000000012, 0.5423749279379707, 0.5629799003393177
1.5700000000000012, 0.5300003896194555, 0.5571890330844056
1.5800000000000012, 0.5156263309590993, 0.5993142280638293
1.5900000000000012, 0.4993759121690687, 0.6004818580273549
1.6000000000000012, 0.4883293454773967, 0.6082525711656613
1.6100000000000012, 0.4503428522427861, 0.5652917134830469
1.6200000000000012, 0.4361981073923259, 0.5667089963799514
1.6300000000000012, 0.41697184606049675, 0.5812502800765653
1.6400000000000012, 0.4271425721250445, 0.5620700519005194
1.6500000000000012, 0.44171004951614407, 0.5367689956052003
1.6600000000000013, 0.4461370449308208, 0.5477478492744751
1.6700000000000013, 0.42684060178271, 0.5528414674995984
1.6800000000000013, 0.44324247249811355, 0.5802173025838288
1.6900000000000013, 0.4392861880286416, 0.5722255485674703
1.7000000000000013, 0.4177690235874857, 0.5868778934917362
1.7100000000000013, 0.3986358275878985, 0.578173458643136
1.7200000000000013, 0.37739372549791267, 0.5674029590523735
1.7300000000000013, 0.3395765355576611, 0.563692348238042
1.7400000000000013, 0.35012519760134597, 0.5892068924576512
1.7500000000000013, 0.3072943848693682, 0.5899964966242255
1.7600000000000013, 0.32901882973987684, 0.6061420545668725
1.7700000000000014, 0.31016260718095845, 0.615020084461386
1.7800000000000014, 0.3051165942664486, 0.6004292325377525
1.7900000000000014, 0.2897460887812249, 0.6140022569854641
1.8000000000000014, 0.297791928921579, 0.6275046945982359
1.8100000000000014, 0.3169519079896652, 0.6380548103220111
1.8200000000000014, 0.3498647890270475, 0.6540967526884558
1.8300000000000014, 0.324886636330644, 0.654674379776514
1.8400000000000014, 0.3454934740075664, 0.6687248678265235
1.8500000000000014, 0.34828965946886153, 0.691567469926535
1.8600000000000014, 0.3277506333108599, 0.6987253001770836
1.8700000000000014, 0.3416605086885204, 0.7027238518430822
1.8800000000000014, 0.3325098272036146, 0.712564585136342
1.8900000000000015, 0.3354369703277596, 0.7065797529620571
1.9000000000000015, 0.3725237363142814, 0.7015463847846608
1.9100000000000015, 0.3587310911022349, 0.7462959217565761
1.9200000000000015, 0.3918191239506352, 0.7360264065648215
1.9300000000000015, 0.39468344384011517, 0.7610900150588703
1.9400000000000015, 0.39743966455707475, 0.7413283898856414
1.9500000000000015, 0.4001404780609358, 0.7783324957170789
1.9600000000000015, 0.42340381999156274, 0.7714030307392503
1.9700000000000015, 0.440357050058871, 0.7599394470636888
1.9800000000000015, 0.42490246537173504, 0.7428991831057306
1.9900000000000015, 0.43993121134622304, 0.7214573221893879
2.0000000000000013, 0.45264809786708904, 0.6957707379670336
2.010000000000001, 0.4464502000401562, 0.6763808441696165
2.020000000000001, 0.43572710704843326, 0.6881966917272717
2.0300000000000007, 0.45740833451211477, 0.7025418166453964
2.0400000000000005, 0.4589814921474961, 0.7255674733136769
2.0500000000000003, 0.45785935450499304, 0.7216394301622804
2.06, 0.5140830161079989, 0.77727082784981
2.07, 0.5157180302571248, 0.8221622920113291
2.0799999999999996, 0.5364673316132009, 0.8241000600086029
2.0899999999999994, 0.5176651653259934, 0.832879383621854
2.099999999999999, 0.5509514616128856, 0.8287785916741632
2.109999999999999, 0.5199495787019239, 0.8387804665847414
2.1199999999999988, 0.501261480145246, 0.8286395215729222
2.1299999999999986, 0.5576698897417124, 0.8326720358214861
2.1399999999999983, 0.5419383512688932, 0.8596193093645681
2.149999999999998, 0.5789755565688977, 0.8848018622788527
2.159999999999998, 0.5415116004916161, 0.905744007502697
2.1699999999999977, 0.5411037052192186, 0.8859297961822395
2.1799999999999975, 0.5232671570567028, 0.8792237306108259
2.1899999999999973, 0.5193626739947961, 0.9063572375050102
2.199999999999997, 0.535774871969529, 0.9422628424688797
2.209999999999997, 0.5597668944060343, 0.9444911738909707
2.2199999999999966, 0.5749298466117269, 0.9357090054792496
2.2299999999999964, 0.5831862488950321, 0.9289211536583651
2.239999999999996, 0.5523972535224256, 0.9099123344775967
2.249999999999996, 0.5303382347088299, 0.9226600389437151
2.259999999999996, 0.5200870771057197, 0.9058174940682472
2.2699999999999956, 0.5341327169297448, 0.8908687872369349
2.2799999999999954, 0.5308944957250431, 0.9129355283144701
2.289999999999995, 0.5365152706881722, 0.9245982371442465
2.299999999999995, 0.5866760490032932, 0.9266569481742319
2.3099999999999947, 0.5763057136375629, 0.9068991190396657
2.3199999999999945, 0.5892118614578924, 0.8902479621914465
2.3299999999999943, 0.6041432981758041, 0.89432333393192
2.339999999999994, 0.6318730675622543, 0.8884850864725048
2.349999999999994, 0.6398417091072229, 0.8891488028146685
2.3599999999999937, 0.660469170039581, 0.8667847570782626
2.3699999999999934, 0.6596358723438074, 0.8939997645126907
2.3799999999999932, 0.6738136955592008, 0.8987068187974517
2.389999999999993, 0.7115666627572497, 0.9065065406346696
2.399999999999993, 0.7052795890370016, 0.9087511948913858
2.4099999999999926, 0.733210861531091, 0.8772181021322
2.4199999999999924, 0.7292066807539062, 0.8730961854459307
2.429999999999992, 0.7383700993612435, 0.8877271553814166
2.439999999999992, 0.7369246217475414, 0.8899575824116956
2.4499999999999917, 0.7397451038208088, 0.8884735944079828
2.4599999999999915, 0.7531406413745634, 0.8693267536492889
2.4699999999999913, 0.7757319856496268, 0.8722469075419361
2.479999999999991, 0.7856880051145585, 0.8603821848492194
2.489999999999991, 0.7723718889469932, 0.8465749884990191
2.4999999999999907, 0.7978074320109859, 0.8284390868218086
2.5099999999999905, 0.7959290987019075, 0.8067687488227948
2.5199999999999902, 0.8181652671623615, 0.800768095169532
2.52999999999999, 0.8432829294812826, 0.8296684744286787
2.53999999999999, 0.870025771679247, 0.811813080113282
2.5499999999999896, 0.8629742878857178, 0.8110267847328418
2.5599999999999894, 0.8714401745729486, 0.798602045699852
2.569999999999989, 0.9201449875010914, 0.8318209192117241
2.579999999999989, 0.9350118426883116, 0.8371424537607535
2.5899999999999888, 0.9450491329136752, 0.8239003647294265
2.5999999999999885, 0.9126552984215827, 0.8027275330716824
2.6099999999999883, 0.9193459054801945, 0.7999299606066372
2.619999999999988, 0.9291975189773222, 0.8234795178136776
2.629999999999988, 0.9295651552892413, 0.8389063279120487
2.6399999999999877, 0.90733771344779, 0.840695308062129
2.6499999999999875, 0.9000966747870236, 0.8697845408744228
2.6599999999999873, 0.9043974975947956, 0.8450523673670006
2.669999999999987, 0.8783487120958398, 0.8741203923578341
2.679999999999987, 0.8551356556230229, 0.8464114943163323
2.6899999999999866, 0.8446388787149731, 0.8408205784983398
2.6999999999999864, 0.8379873069071163, 0.8159800481087702
2.709999999999986, 0.823168843123598, 0.805822294996569
2.719999999999986, 0.8340988105914272, 0.817847214582356
2.7299999999999858, 0.824862521278965, 0.8457639022915129
2.7399999999999856, 0.8181049995605282, 0.8595805586784746
2.7499999999999853, 0.8205373298729018, 0.8560104880273397
2.759999999999985, 0.8060864485269018, 0.8443439167516518
2.769999999999985, 0.8382272915329533, 0.8347742902068737
2.7799999999999847, 0.8578835010967087, 0.8298711850517265
2.7899999999999845, 0.8725340559145358, 0.8531445109584331
2.7999999999999843, 0.897605227225572, 0.8613589303309979
2.809999999999984, 0.8848695564224489, 0.8807355938751423
2.819999999999984, 0.8628195045974314, 0.8829786823237422
2.8299999999999836, 0.8633056049957811, 0.8851385462619222
2.8399999999999834, 0.8956759948741407, 0.8879650667411623
2.849999999999983, 0.9042640658281194, 0.8754424749894528
2.859999999999983, 0.9239155060266159, 0.8868955557126847
2.869999999999983, 0.9255851761329585, 0.9077317943668497
2.8799999999999826, 0.9395323037977946, 0.8652838688489913
2.8899999999999824, 0.9073049531056575, 0.9026106815037653
2.899999999999982, 0.8908293390262244, 0.9449746588819337
2.909999999999982, 0.8712815559665166, 0.9640780728204104
2.9199999999999817, 0.8674482928187321, 1.000860540339642
2.9299999999999815, 0.8637688703112697, 0.9850415794449608
2.9399999999999813, 0.8575525564605099, 0.9744491161109364
2.949999999999981, 0.8891480774634856, 0.9588748822384257
2.959999999999981, 0.8789095533589545, 0.9451095426880313
2.9699999999999807, 0.8973481896671073, 0.9367530546997868
2.9799999999999804, 0.9256495162927634, 0.9264500121342549
2.9899999999999802, 0.9164028217937169, 0.9206755379364803
2.99999999999998, 0.8997542221970335, 0.9053099135164225
3.00999999999998, 0.8928957654526344, 0.892751106374209
3.0199999999999796, 0.8885195095010068, 0.8775694633229532
3.0299999999999794, 0.8896405889891802, 0.8597344177785794
3.039999999999979, 0.8637059878710992, 0.8749345665376439
3.049999999999979, 0.8997727574539884, 0.9313343664760443
3.0599999999999787, 0.877840124250861, 0.9463682414813822
3.0699999999999785, 0.8560547058095085, 0.908751327560327
3.0799999999999783, 0.8585080324053657, 0.8899415009570321
3.089999999999978, 0.8905990996928429, 0.899526940785973
3.099999999999978, 0.8791442494895653, 0.8877816367578495
3.1099999999999777, 0.8925373731076466, 0.89131094807086
3.1199999999999775, 0.9294873365752575, 0.8963774540369289
3.1299999999999772, 0.9246308147381731, 0.9529471155569995
3.139999999999977, 0.9468488221277586, 0.9426941417942102
3.149999999999977, 0.9790634484497709, 0.9665331685100733
3.1599999999999766, 0.9814242177848566, 0.9418786184142394
3.1699999999999764, 0.9492736926583485, 0.95061722159367
3.179999999999976, 0.9271915723251893, 0.9798925466232011
3.189999999999976, 0.9383021634155236, 1.0075791722094551
3.1999999999999758, 0.894932310758706, 0.9958549167933368
3.2099999999999755, 0.9093501922892674, 0.9977638087645013
3.2199999999999753, 0.9114971076227685, 0.9823036728795079
3.229999999999975, 0.9385004274492534, 1.0385377986637152
3.239999999999975, 0.9522096435886869, 1.0105134618427223
3.2499999999999747, 0.9504061578459062, 1.039602171088053
3.2599999999999745, 0.9647590786623734, 1.0353811564357136
3.2699999999999743, 1.0010567481241655, 1.0379317939638744
3.279999999999974, 1.0050984937152825, 1.0192513846607323
3.289999999999974, 1.000682427417218, 1.0465338818072956
3.2999999999999736, 0.9902850867187994, 1.0389433451497156
3.3099999999999734, 0.9616094201041454, 1.0286598805406997
3.319999999999973, 0.9492148631893612, 1.078491605984865
3.329999999999973, 0.9391969616025116, 1.0938646290740843
3.3399999999999728, 0.9619201066399821, 1.0717969247864247
3.3499999999999726, 0.9874335425014571, 1.0705485753592203
3.3599999999999723, 0.9589072123102218, 1.0696927641349177
3.369999999999972, 0.9667797952268439, 1.079994562518393
3.379999999999972, 0.9679509254579941, 1.0692295777481104
3.3899999999999717, 0.9590790820198429, 1.0633284322554422
3.3999999999999715, 0.9306545847561355, 1.0912796968914844
3.4099999999999713, 0.912321715781476, 1.074656382646609
3.419999999999971, 0.9037145146185028, 1.0493375947940895
3.429999999999971, 0.8810534801905772, 1.030176194811345
3.4399999999999706, 0.880044739290634, 1.0142977112150713
3.4499999999999704, 0.9026863480466153, 1.050931578542325
3.45999999999997, 0.9103374312620034, 1.041010120280164
3.46999999999997, 0.9091180313574749, 1.0420486428040319
3.47999999999997, 0.9317517180351392, 1.0522537311095668
3.4899999999999696, 0.9503855994292643, 1.1018723108142652
3.4999999999999694, 0.9404635137837516, 1.1133698250333672
3.509999999999969, 0.9692905186327628, 1.088001620956229
3.519999999999969, 0.9715452748852457, 1.0689577477511616
3.5299999999999687, 0.9837014641787883, 1.1186779497131956
3.5399999999999685, 0.9824922427183826, 1.114277623258303
3.5499999999999683, 1.0051125674389205, 1.1133539440882947
3.559999999999968, 1.0322364699213924, 1.0882053397592069
3.569999999999968, 1.0463923568972773, 1.0744014025485211
3.5799999999999677, 1.0735658337656038, 1.0857817650299721
3.5899999999999674, 1.0588188756173893, 1.0672487645632318
3.5999999999999672, 1.0603597421280209, 1.0486821867143137
3.609999999999967, 1.0697179974526405, 1.04293369888126
3.619999999999967, 1.0468134214205376, 1.051326079208049
3.6299999999999666, 1.023479292807913, 1.0844654400064253
3.6399999999999664, 1.0331969374550085, 1.1214948389550095
3.649999999999966, 1.0208581882819865, 1.1154716367729238
3.659999999999966, 1.0351981298010442, 1.1174455813353112
3.6699999999999657, 1.0440527438606146, 1.1046952926303224
3.6799999999999655, 1.058902594186017, 1.1036559756077282
3.6899999999999653, 1.0529860333504135, 1.100208786382762
3.699999999999965, 1.034103336770246, 1.1566073367126082
3.709999999999965, 1.038946271466002, 1.1410436570532423
3.7199999999999647, 1.0661025232089711, 1.1668479291752085
3.7299999999999645, 1.0975680408456976, 1.1444483436012038
3.7399999999999642, 1.119722613821382, 1.1495077482054403
3.749999999999964, 1.1447509967191372, 1.146482692515679
3.759999999999964, 1.1060013149504915, 1.1838520509286266
3.7699999999999636, 1.1288806486492038, 1.1866163819068836
3.7799999999999634, 1.1398597587650006, 1.2154786971264744
3.789999999999963, 1.1356122395730515, 1.2484089426708835
3.799999999999963, 1.1254617820655606, 1.259002434258063
3.8099999999999627, 1.151052958086454, 1.2527907297215688
3.8199999999999625, 1.1557360954492812, 1.2520662684684525
3.8299999999999623, 1.1584538305533216, 1.2271114531006782
3.839999999999962, 1.1592913853004645, 1.18965636903865
3.849999999999962, 1.152272845895549, 1.185819639793434
3.8599999999999617, 1.1717842346821221, 1.1979332847583717
3.8699999999999615, 1.1997584913827204, 1.1971237097225629
3.8799999999999613, 1.1705665005748394, 1.202925701414199
3.889999999999961, 1.1790325292304185, 1.1820859426754118
3.899999999999961, 1.1995667102350358, 1.1741978146531387
3.9099999999999606, 1.2199045060686997, 1.1559630891422379
3.9199999999999604, 1.2147494469984292, 1.1378990800722184
3.92999999999996, 1.214686930648119, 1.1229326472063446
3.93999999999996, 1.2035755084063173, 1.1226484780084738
3.9499999999999598, 1.2225199784775997, 1.1329377805226994
3.9599999999999596, 1.2325418341051135, 1.170744778641441
3.9699999999999593, 1.2431927353168966, 1.2170538799218829
3.979999999999959, 1.2228074162371783, 1.222593724552263
3.989999999999959, 1.2173363078908526, 1.2042981920779723
3.9999999999999587, 1.2186658595062727, 1.191139956283632
4.009999999999959, 1.2220670677802319, 1.2176689046516174
4.019999999999959, 1.2662519578465448, 1.2261934387618276
4.0299999999999585, 1.2395568694856163, 1.2112032738918637
4.039999999999958, 1.2433269073857836, 1.217174376935236
4.049999999999958, 1.216783166948954, 1.20593370138508
4.059999999999958, 1.243125512938873, 1.1884393434695173
4.069999999999958, 1.2783990344252154, 1.2179165630528148
4.079999999999957, 1.238969874238045, 1.2478342041845345
4.089999999999957, 1.2159353289841266, 1.235612032601535
4.099999999999957, 1.195885598959694, 1.2473492041255354
4.109999999999957, 1.194236079566696, 1.2100167253366658
4.119999999999957, 1.1680480524002876, 1.1677196038778348
4.129999999999956, 1.1688794688574893, 1.167044496613688
4.139999999999956, 1.1935570560942472, 1.1723793136164802
4.149999999999956, 1.1880358854572821, 1.172124377313632
4.159999999999956, 1.165547187160227, 1.2007414690727747
4.1699999999999555, 1.1603852798376857, 1.2270474912785583
4.179999999999955, 1.1534443547524895, 1.2175857832846777
4.189999999999955, 1.134550554047442, 1.2208689120057905
4.199999999999955, 1.14619990819577, 1.2369819569059683
4.209999999999955, 1.131792047754104, 1.2474536980183124
4.2199999999999545, 1.1124094418195953, 1.239626801464076
4.229999999999954, 1.123782859405391, 1.2474035929245362
4.239999999999954, 1.098291351278943, 1.2595763127455852
4.249999999999954, 1.130879477908141, 1.2604725080211487
4.259999999999954, 1.1335683390053768, 1.2838681008505632
4.269999999999953, 1.1083027904140037, 1.2862595740326868
4.279999999999953, 1.0942470042613, 1.290640702660997
4.289999999999953, 1.0814512587048748, 1.2590063119118042
4.299999999999953, 1.0924528506395077, 1.3083476315171196
4.3099999999999525, 1.106749709584533, 1.3366702191628521
4.319999999999952, 1.1176045931655756, 1.330756561455287
4.329999999999952, 1.0996080697161892, 1.2924369983503676
4.339999999999952, 1.1044146128914691, 1.2944070125469105
4.349999999999952, 1.1464741928605349, 1.2931590953858725
4.3599999999999515, 1.1238102733924942, 1.3350065974677339
4.369999999999951, 1.1387882273839005, 1.3492169980274147
4.379999999999951, 1.1249511532208947, 1.3331113342564878
4.389999999999951, 1.1238891711825247, 1.3218089228414067
4.399999999999951, 1.1099617684428291, 1.3492614489048398
4.40999999999995, 1.1220018209051896, 1.3500019598683328
4.41999999999995, 1.1184955463382689, 1.3181229411400794
4.42999999999995, 1.1505143169475127, 1.3543807116089017
4.43999999999995, 1.1494193270415138, 1.3557313621772658
4.4499999999999496, 1.1771018695933742, 1.3239863742343965
4.459999999999949, 1.180129667746096, 1.3228663986015634
4.469999999999949, 1.1617030087950762, 1.2850042046676857
4.479999999999949, 1.1768184848162255, 1.2861297636991795
4.489999999999949, 1.1811128680486929, 1.306578246106789
4.4999999999999485, 1.1722915355020957, 1.29104062223433
4.509999999999948, 1.2087282711750844, 1.319618522639061
4.519999999999948, 1.1705424254560917, 1.3015031367081975
4.529999999999948, 1.1780766466510806, 1.3120044305688565
4.539999999999948, 1.152702581900346, 1.2964129324467186
4.549999999999947, 1.1804227442700688, 1.3221407030627719
4.559999999999947, 1.1820891324597587, 1.3008836491390123
4.569999999999947, 1.17223918920467, 1.2890438473859942
4.579999999999947, 1.181207330894385, 1.2847830230985398
4.589999999999947, 1.197362314698152, 1.29311477673183
4.599999999999946, 1.1829433236829514, 1.2825375178093092
4.609999999999946, 1.1616213543384812, 1.2974539063116772
4.619999999999946, 1.1535073607024764, 1.2816612031133374
4.629999999999946, 1.1323797381545528, 1.2846051718467477
4.6399999999999455, 1.1607753714409563, 1.268013785697071
4.649999999999945, 1.1384593652517787, 1.2835550767101676
4.659999999999945, 1.1102030769160058, 1.2677029612775392
4.669999999999945, 1.1386287075904233, 1.2780391285922716
4.679999999999945, 1.1245127221670481, 1.2927141695115403
4.689999999999944, 1.1204806375167984, 1.3193380266659422
4.699999999999944, 1.1464641368568214, 1.3477546117871084
4.709999999999944, 1.166987654241873, 1.3459626804997968
4.719999999999944, 1.2000196400749177, 1.3741457525187368
4.729999999999944, 1.2216198261484785, 1.370351450569531
4.739999999999943, 1.2668209022671653, 1.4070004080239484
4.749999999999943, 1.24469053787506, 1.4228451047310804
4.759999999999943, 1.2135626509236224, 1.4785424121866295
4.769999999999943, 1.2417709242212038, 1.456172001686185
4.7799999999999425, 1.226603312978599, 1.434112866732789
4.789999999999942, 1.2139932277806784, 1.4895582272984922
4.799999999999942, 1.2269904361841384, 1.5041389689286064
4.809999999999942, 1.2088340376721556, 1.4715285436992451
4.819999999999942, 1.2082203714291364, 1.4919383914155186
4.8299999999999415, 1.2359797075293684, 1.4987250536611574
4.839999999999941, 1.2115695840301546, 1.4961388161245799
4.849999999999941, 1.215002667116834, 1.5029014710758801
4.859999999999941, 1.2178003591494775, 1.4875142870361409
4.869999999999941, 1.2374953954687347, 1.4913650793311894
4.87999999999994, 1.2130138744820125, 1.4842475510017317
4.88999999999994, 1.2249354596931612, 1.4817013728309774
4.89999999999994, 1.2158566649477958, 1.4743916645030661
4.90999999999994, 1.2661976679906375, 1.4613587701167294
4.9199999999999395, 1.2500143142746278, 1.4394588400294948
4.929999999999939, 1.2611908168980475, 1.4440902287524164
4.939999999999939, 1.2578560123619396, 1.4514437466130536
4.949999999999939, 1.2727214316828337, 1.5005445146033667
4.959999999999939, 1.2542479940945088, 1.507395437149153
4.9699999999999385, 1.2390596755140755, 1.5391733015729332
4.979999999999938, 1.2340034338373511, 1.5563087155395536
4.989999999999938, 1.2628098511722348, 1.5620520788916417
4.999999999999938, 1.248258861302761, 1.6021171238275826
5.009999999999938, 1.268734057060899, 1.6320849841678164
5.019999999999937, 1.3031381280738776, 1.6340895210970507
5.029999999999937, 1.3202184412142113, 1.5999861057508802
5.039999999999937, 1.3109123934213467, 1.5860699784281698
5.049999999999937, 1.3617123119041386, 1.571298459867267
5.0599999999999365, 1.349394804383257, 1.5960189590409826
5.069999999999936, 1.3292420329726562, 1.636377137340242
5.079999999999936, 1.352389057165994, 1.6207550947952742
5.089999999999936, 1.4097595029950967, 1.6143320127472456
5.099999999999936, 1.4119490369846464, 1.6628178882526412
5.1099999999999355, 1.4280446380061405, 1.661486783769188
5.119999999999935, 1.407453137007547, 1.6821944296105082
5.129999999999935, 1.4123906715643235, 1.6695520167741058
5.139999999999935, 1.3975084759401497, 1.6771844594674459
5.149999999999935, 1.410883683550533, 1.7117545262054723
5.159999999999934, 1.3988492713207157, 1.6885043338830805
5.169999999999934, 1.3849609476065776, 1.6985860904512058
5.179999999999934, 1.3679056976314106, 1.7057732461585915
5.189999999999934, 1.3509616580137482, 1.6763465205726353
5.199999999999934, 1.309940475776434, 1.6875697575242254
5.209999999999933, 1.3273895937113833, 1.6675160440840064
5.219999999999933, 1.308398947257084, 1.665178384751429
5.229999999999933, 1.2821973963765285, 1.683183070983579
5.239999999999933, 1.2920185390946493, 1.6705140447427735
5.2499999999999325, 1.2958298020443864, 1.6572135597853097
5.259999999999932, 1.3123193539741613, 1.6795793151592138
5.269999999999932, 1.3252824299695611, 1.661773159604436
5.279999999999932, 1.3348915692593892, 1.6445033104518874
5.289999999999932, 1.3443259986335492, 1.640330340958298
5.299999999999931, 1.3276433704194839, 1.6542865835335303
5.309999999999931, 1.3440285277698127, 1.687855131152844
5.319999999999931, 1.3626052724245064, 1.7166098455722258
5.329999999999931, 1.3508189979353697, 1.7056353388942274
5.339999999999931, 1.3543712758180733, 1.705940297975968
5.34999999999993, 1.3984156848087563, 1.6896562944632423
5.35999999999993, 1.4138225329943457, 1.6818256033532717
5.36999999999993, 1.4358730900418648, 1.6928382379760072
5.37999999999993, 1.4661533072607789, 1.697461750545677
5.3899999999999295, 1.5097702452951776, 1.6911122334224133
5.399999999999929, 1.5066714685983924, 1.6737475523539251
5.409999999999929, 1.4990560623215992, 1.6647980883372722
5.419999999999929, 1.521558485402054, 1.6882808693100722
5.429999999999929, 1.5567198995934477, 1.6845418317540457
5.4399999999999284, 1.544978392804232, 1.6845015602318139
5.449999999999928, 1.5428286271115725, 1.716048179431425
5.459999999999928, 1.5437452757482968, 1.6998359449586569
5.469999999999928, 1.5353729749009493, 1.6902133984715817
5.479999999999928, 1.5426739234483635, 1.6931766746735977
5.489999999999927, 1.5559813650536602, 1.7000992561554553
5.499999999999927, 1.539157437463106, 1.680889828850703
5.509999999999927, 1.5579330371987088, 1.6717480560094027
5.519999999999927, 1.5632899059436045, 1.6656966692937303
5.5299999999999265, 1.5973130124219548, 1.6618435229638922
5.539999999999926, 1.608792508786551, 1.635575730948898
5.549999999999926, 1.6249774858445976, 1.6402082842753092
5.559999999999926, 1.6261060033460795, 1.6476588939914194
5.569999999999926, 1.617684194884356, 1.657633291075368
5.5799999999999255, 1.6059225923107958, 1.6314226712508626
5.589999999999925, 1.6448237741803806, 1.649607713102434
5.599999999999925, 1.6572375738366567, 1.6526332545579578
5.609999999999925, 1.6640655792227006, 1.6288416375621328
5.619999999999925, 1.6877391288963235, 1.6408842477102241
5.629999999999924, 1.717757409503249, 1.632772413136316
5.639999999999924, 1.7113386370433505, 1.6702267806858058
5.649999999999924, 1.7270301687268226, 1.647096778595033
5.659999999999924, 1.727845949706003, 1.662791387887001
5.6699999999999235, 1.7504542634257745, 1.6202232952322981
5.679999999999923, 1.7813897668572618, 1.612108487290338
5.689999999999923, 1.7981799195970853, 1.5919840823156148
5.699999999999923, 1.7966874786629512, 1.5867157772308749
5.709999999999923, 1.8363181749104656, 1.5815546769356925
5.7199999999999225, 1.8131195758618184, 1.5740504981557193
5.729999999999922, 1.817413078868059, 1.5750331248658438
5.739999999999922, 1.8520019043521538, 1.5628104847738888
5.749999999999922, 1.8313552482613167, 1.5704663426127154
5.759999999999922, 1.844244507078258, 1.5761744385026504
5.769999999999921, 1.8607852204338076, 1.5850646883250203
5.779999999999921, 1.8444666790845115, 1.582521917337757
5.789999999999921, 1.845113744220305, 1.5898050581995447
5.799999999999921, 1.8433897621796416, 1.580053392168877
5.809999999999921, 1.8484970110093542, 1.5334751524742587
5.81999999999992, 1.8363372589573448, 1.5531487158397268
5.82999999999992, 1.8373127319364766, 1.577632157832724
5.83999999999992, 1.8415974549460237, 1.6024801062815457
5.84999999999992, 1.8583247374589507, 1.6312088381672583
5.8599999999999195, 1.883214585534778, 1.6105483961579876
5.869999999999919, 1.884192042299722, 1.5937146466149945
5.879999999999919, 1.8740267391621523, 1.6168786167994489
5.889999999999919, 1.9321039259814785, 1.641387012293743
5.899999999999919, 1.913287121245124, 1.6646846269911848
5.909999999999918, 1.965024512801029, 1.6876294604176616
5.919999999999918, 1.9956776040104596, 1.7196180705401138
5.929999999999918, 1.9989561271771483, 1.7092047012659848
5.939999999999918, 2.000253185768228, 1.7327368993071377
5.949999999999918, 1.991662112431331, 1.7303263615666111
5.959999999999917, 1.9657653489078197, 1.774633474153971
5.969999999999917, 1.959447336020107, 1.764289540518134
5.979999999999917, 1.9805475583288505, 1.7635478610559359
5.989999999999917, 1.99053967506376, 1.7855961614454614
5.9999999999999165, 2.0032527210114996, 1.8072976731667376
6.009999999999916, 1.994637506966521, 1.796897870676512
6.019999999999916, 2.0078087680376537, 1.7937070623493987
6.029999999999916, 2.0334097020163835, 1.80210732729436
6.039999999999916, 2.063480262320562, 1.7912634072604656
6.0499999999999154, 2.076786683378484, 1.8052302782681697
6.059999999999915, 2.1046621270308794, 1.7856624409130997
6.069999999999915, 2.1337237677331222, 1.7740923312680674
6.079999999999915, 2.1634533951745474, 1.7666538854911917
6.089999999999915, 2.134438727415381, 1.786416491577592
6.099999999999914, 2.1352870446557786, 1.7847320397160236
6.109999999999914, 2.11556424043754, 1.7532665631578548
6.119999999999914, 2.1393332525120456, 1.7553989659200855
6.129999999999914, 2.1206847841321412, 1.73069837966392
6.1399999999999135, 2.1185361369541313, 1.748934162163509
6.149999999999913, 2.106816741150922, 1.7544929955669553
6.159999999999913, 2.066123252127114, 1.7692760001228438
6.169999999999913, 2.049285474002735, 1.7624428595971044
6.179999999999913, 2.0501544799560962, 1.767726360447909
6.1899999999999125, 2.0842166429482063, 1.742781105056386
6.199999999999912, 2.0966894236071347, 1.7092289582162885
6.209999999999912, 2.101198241742727, 1.679234246940996
6.219999999999912, 2.117993434999758, 1.6697702794508766
6.229999999999912, 2.1251010003742237, 1.6805636442474359
6.239999999999911, 2.1486974836082395, 1.6811140736732757
6.249999999999911, 2.1647649314584196, 1.6649781663160312
6.259999999999911, 2.1606978121223452, 1.6902308859390165
6.269999999999911, 2.1564451073573805, 1.664137703520537
6.2799999999999105, 2.1602158422454956, 1.6820580535148197
6.28999999999991, 2.1850596038333903, 1.6529224715053503
6.29999999999991, 2.1649293286022178, 1.6656039360133126
6.30999999999991, 2.1803724547483907, 1.6606983226208019
6.31999999999991, 2.1968498983503015, 1.6806914756733153
6.3299999999999095, 2.2317722452200743, 1.6923444688529192
6.339999999999909, 2.2275651403255563, 1.663376821477128
6.349999999999909, 2.2611683171066317, 1.661396442727893
6.359999999999909, 2.2861825208147524, 1.7040030470551037
6.369999999999909, 2.286790647454246, 1.7049219724668265
6.379999999999908, 2.3172616736961555, 1.689034231297521
6.389999999999908, 2.315137696287748, 1.715001366314987
6.399999999999908, 2.315912419254982, 1.6906458988236943
6.409999999999908, 2.2897574268031007, 1.6722587807176634
6.419999999999908, 2.2607806961911496, 1.6726708886791375
6.429999999999907, 2.2740435934923062, 1.6795272253263112
6.439999999999907, 2.2670193225892725, 1.7127882621160873
6.449999999999907, 2.264797005832503, 1.7336302577169316
6.459999999999907, 2.272015970190124, 1.7265769017462005
6.4699999999999065, 2.2625277165008346, 1.7422999983490606
6.479999999999906, 2.311187518331347, 1.7412410667802853
6.489999999999906, 2.3182311144613448, 1.7742903803833432
6.499999999999906, 2.296135468538028, 1.7724349227182814
6.509999999999906, 2.307499207847901, 1.7726437924708165
6.519999999999905, 2.343008757508762, 1.783140206114659
6.529999999999905, 2.3870056680087695, 1.7670207703126386
6.539999999999905, 2.3714503423613693, 1.7293634521992953
6.549999999999905, 2.390459778141016, 1.7251155042313315
6.559999999999905, 2.3578570687959086, 1.7415121238920728
6.569999999999904, 2.3505840409772256, 1.73023704952967
6.579999999999904, 2.32816052543585, 1.698817840231912
6.589999999999904, 2.3191856109170845, 1.685550327329037
6.599999999999904, 2.304248324172708, 1.7152987734024236
6.6099999999999035, 2.3061485177317214, 1.7108513092129543
6.619999999999903, 2.3197374305007097, 1.7243357851333112
6.629999999999903, 2.3026704423673907, 1.7399432832947128
6.639999999999903, 2.3163149713841062, 1.7561876575585231
6.649999999999903, 2.3056182063071824, 1.7815074640491964
6.659999999999902, 2.3190343697786213, 1.7472427121915852
6.669999999999902, 2.3019127646133692, 1.7454314731641174
6.679999999999902, 2.3427620107308464, 1.732145048832774
6.689999999999902, 2.378313508609731, 1.7057023680625891
6.699999999999902, 2.3685037550089287, 1.6724437537870107
6.709999999999901, 2.342137744826999, 1.6387856251068194
6.719999999999901, 2.3527984276496623, 1.6206319005687526
6.729999999999901, 2.3672511306017143, 1.6219931993258854
6.739999999999901, 2.3625522428503576, 1.6148910457530874
6.7499999999999005, 2.403527025683386, 1.6173322253501037
6.7599999999999, 2.39181415543101, 1.618560751637984
6.7699999999999, 2.404761184249486, 1.587268372647589
6.7799999999999, 2.3872492815989244, 1.579713890699415
6.7899999999999, 2.4359014239480765, 1.5753236684434642
6.7999999999998995, 2.4440616707745018, 1.573994876002379
6.809999999999899, 2.4533894105495815, 1.5763997493450848
6.819999999999899, 2.4296487756993597, 1.5928973258568258
6.829999999999899, 2.4845362566367264, 1.574394313058833
6.839999999999899, 2.5328113442292794, 1.5557714711187212
6.849999999999898, 2.5394710731947927, 1.5586368942684767
6.859999999999898, 2.500138556540641, 1.5688959617255238
6.869999999999898, 2.4948792823289527, 1.5689338613742108
6.879999999999898, 2.477745599188687, 1.5798755357633965
6.8899999999998975, 2.4910308147028024, 1.5535174868209278
6.899999999999897, 2.4908427698940065, 1.5376078111030145
6.909999999999897, 2.4998364693421324, 1.4874356779510993
6.919999999999897, 2.4867673580414755, 1.456101887314917
6.929999999999897, 2.504651317527086, 1.4009968300756157
6.9399999999998965, 2.5322643429698175, 1.3851967921588144
6.949999999999896, 2.55918498630249, 1.357271322611616
6.959999999999896, 2.5698218946399316, 1.3260610243141826
6.969999999999896, 2.5798666280579075, 1.3592542299266195
6.979999999999896, 2.5630095874130103, 1.3617140769658027
6.989999999999895, 2.5524653891099853, 1.3769429211675623
6.999999999999895, 2.5305696593539655, 1.350631592589153
7.009999999999895, 2.5437789742268646, 1.3664478535860307
7.019999999999895, 2.553801498844671, 1.3624565021984139
7.0299999999998946, 2.5215853346538895, 1.3338194770950198
7.039999999999894, 2.5482962708372754, 1.3205390463088473
7.049999999999894, 2.555657811808353, 1.3373456077939527
7.059999999999894, 2.580568153870746, 1.3363323182385558
7.069999999999894, 2.5581970098961992, 1.3362691106994113
7.0799999999998935, 2.5720220043937454, 1.326494154723246
7.089999999999893, 2.585816273006591, 1.2953216380728054
7.099999999999893, 2.5860099900315645, 1.264955085026043
7.109999999999893, 2.5866937557039105, 1.2552876662443644
7.119999999999893, 2.5718610157250517, 1.239279060821719
7.129999999999892, 2.5878435929386625, 1.2325043386068624
7.139999999999892, 2.6018113039040394, 1.2480277285865358
7.149999999999892, 2.5758834541692712, 1.2645051293089327
7.159999999999892, 2.576618752137315, 1.2385996646130315
7.169999999999892, 2.550784716648563, 1.2541480977300907
7.179999999999891, 2.5516801610504913, 1.2382869670870846
7.189999999999891, 2.5321229320107115, 1.2480459581792032
7.199999999999891, 2.5126430934982507, 1.2223700761161334
7.209999999999891, 2.5453405678496828, 1.2366060718161271
7.2199999999998905, 2.523522418976797, 1.2574936868866404
7.22999999999989, 2.5005510390329575, 1.2420599694995362
7.23999999999989, 2.514992652069694, 1.2146996554312859
7.24999999999989, 2.5109468802075754, 1.2109164037089923
7.25999999999989, 2.5139064550408556, 1.2115374275002628
7.269999999999889, 2.498106331207465, 1.1860625125413389
7.279999999999889, 2.4668142312851375, 1.190098763558573
7.289999999999889, 2.4417154455051975, 1.1359229663826662
7.299999999999889, 2.4335301938058884, 1.1268474279267664
7.309999999999889, 2.455493137271532, 1.0948138843862558
7.319999999999888, 2.441867655138832, 1.1336612926613112
7.329999999999888, 2.45811220571116, 1.1274334948902314
7.339999999999888, 2.496083576181093, 1.108587292474898
7.349999999999888, 2.516806320650994, 1.0962548650826394
7.3599999999998875, 2.5398799372920844, 1.0898866727142793
7.369999999999887, 2.539183076498345, 1.093510436546558
7.379999999999887, 2.52359612576006, 1.0948956954261184
7.389999999999887, 2.537346192274338, 1.0916046761128335
7.399999999999887, 2.552268291799466, 1.0951144573888585
7.4099999999998865, 2.548577977526338, 1.0733454267895213
7.419999999999886, 2.547921110812655, 1.1042300010940715
7.429999999999886, 2.5620509851884976, 1.1164121694720381
7.439999999999886, 2.5725272410679287, 1.090977587253479
7.449999999999886, 2.601076220788148, 1.1164087804389753
7.459999999999885, 2.613381992080486, 1.1323331335960123
7.469999999999885, 2.6093560891918637, 1.1147043488467967
7.479999999999885, 2.6379699999747865, 1.089227427921793
7.489999999999885, 2.6479713075342146, 1.0713497919876342
7.4999999999998845, 2.641441288162084, 1.0440577097672517
7.509999999999884, 2.627463745548259, 1.082316649464947
7.519999999999884, 2.6365988679719052, 1.0737657717944897
7.529999999999884, 2.6382690165115137, 1.095240414735463
7.539999999999884, 2.6489522280732216, 1.1166049796736326
7.5499999999998835, 2.632744300028421, 1.137822737807234
7.559999999999883, 2.6447916716977065, 1.140791723703678
7.569999999999883, 2.672133276488161, 1.1194458652259651
7.579999999999883, 2.708304739628096, 1.1223036984775852
7.589999999999883, 2.7308840252222293, 1.094289587958109
7.599999999999882, 2.746643367175385, 1.0393175129903551
7.609999999999882, 2.730054074681962, 1.008391085296965
7.619999999999882, 2.717787981730175, 0.9930496914951948
7.629999999999882, 2.711417473770528, 0.9802553974699434
7.6399999999998816, 2.7398480401596457, 0.9799742308080105
7.649999999999881, 2.777247381337996, 0.9458992501006115
7.659999999999881, 2.764033854903917, 0.930512339973669
7.669999999999881, 2.7449183309094636, 0.9008564044710607
7.679999999999881, 2.7725835215014873, 0.874215448250499
7.6899999999998805, 2.773906603739273, 0.8441377378791796
7.69999999999988, 2.770005353556116, 0.831980293719314
7.70999999999988, 2.76653946224903, 0.8329385167045046
7.71999999999988, 2.8231623692938754, 0.8381716524313229
7.72999999999988, 2.8180645341130752, 0.8207397555022717
7.739999999999879, 2.8338190715595597, 0.8373305700285532
7.749999999999879, 2.8464338418596786, 0.8536457960938303
7.759999999999879, 2.8428174621192723, 0.8210193847401732
7.769999999999879, 2.852293875971356, 0.7959634656573034
7.779999999999879, 2.831253216926511, 0.7659702050954698
7.789999999999878, 2.810772626711844, 0.7789099215481924
7.799999999999878, 2.81926775468923, 0.7850527496992881
7.809999999999878, 2.838772234709575, 0.8033291749049173
7.819999999999878, 2.8402027731479933, 0.7883864291138256
7.8299999999998775, 2.8242103460463897, 0.8010026950645525
7.839999999999877, 2.819402389777257, 0.7650074662365761
7.849999999999877, 2.801932860295637, 0.7922991058739629
7.859999999999877, 2.7940661253705867, 0.8092997028758557
7.869999999999877, 2.7933545218840616, 0.8011876285727192
7.879999999999876, 2.817402843974112, 0.8273422799595898
7.889999999999876, 2.8381525559970346, 0.8034237385443606
7.899999999999876, 2.8660181409640866, 0.8002757525871969
7.909999999999876, 2.8991500397981236, 0.8149586268203514
7.919999999999876, 2.9204460798383614, 0.8052387737530945
7.929999999999875, 2.934686922952261, 0.7840394797326012
7.939999999999875, 2.915339902804184, 0.7443100213633855
7.949999999999875, 2.952393273920911, 0.7380024866822309
7.959999999999875, 2.9726992445748666, 0.7348446156454865
7.9699999999998745, 2.9684647926730494, 0.7380505594256335
7.979999999999874, 2.9957781650775486, 0.7013915492222699
7.989999999999874, 2.9877941639052903, 0.705880594274772
7.999999999999874, 2.9817720429156793, 0.6780752286459701
8.009999999999874, 2.983646443545892, 0.6453129372961958
8.019999999999873, 2.9896093474774132, 0.6432384893218632
8.029999999999873, 3.002069376511657, 0.638058097193072
8.039999999999873, 3.017577760071779, 0.6068335635661755
8.049999999999873, 3.050544396576585, 0.6173290907377607
8.059999999999873, 3.05573967038585, 0.6013372312744177
8.069999999999872, 3.0588574121097327, 0.5696061279634242
8.079999999999872, 3.096948500380856, 0.5589368475904025
8.089999999999872, 3.1006294231364406, 0.5396655112068075
8.099999999999872, 3.101261815258991, 0.533853398051969
8.109999999999872, 3.0877102721505585, 0.5135261164051466
8.119999999999871, 3.1039701435828175, 0.5062745005353216
8.129999999999871, 3.0942732385558593, 0.4844532626898475
8.139999999999871, 3.1294534239880805, 0.460623727052318
8.14999999999987, 3.1281618425525477, 0.4832774759804256
8.15999999999987, 3.156079167744347, 0.48703770060126145
8.16999999999987, 3.156976675303791, 0.4385355918373648
8.17999999999987, 3.1382780978050726, 0.47129835088023514
8.18999999999987, 3.128571213292655, 0.452988894072752
8.19999999999987, 3.120187763096537, 0.44894887965080205
8.20999999999987, 3.1274787349798396, 0.43788664563706586
8.21999999999987, 3.12585068486827, 0.4434726335089655
8.229999999999869, 3.1122734055880263, 0.4006891293099921
8.239999999999869, 3.098622798820919, 0.379787299727497
8.249999999999869, 3.084232869996192, 0.4030909839076611
8.259999999999868, 3.1121671612864548, 0.38903503918696836
8.269999999999868, 3.170306756951177, 0.37855483321512207
8.279999999999868, 3.1709735557910674, 0.4112587943827759
8.289999999999868, 3.1522155065198563, 0.42268854875547607
8.299999999999867, 3.1963070873420927, 0.42899904688211843
8.309999999999867, 3.1703456044928626, 0.45617903668129106
8.319999999999867, 3.1513494438005916, 0.44578676420050406
8.329999999999867, 3.1379575973782234, 0.4369319148586432
8.339999999999867, 3.1424791650662636, 0.4214675007162304
8.349999999999866, 3.1433007388493, 0.4008463412076104
8.359999999999866, 3.1500794635506972, 0.36836597537433247
8.369999999999866, 3.1544311377431, 0.35364912264185183
8.379999999999866, 3.1282747875485493, 0.3918919563905519
8.389999999999866, 3.163002789404372, 0.3992254881680537
8.399999999999865, 3.1511572375375247, 0.407431913783437
8.409999999999865, 3.149464442954825, 0.3944473931157424
8.419999999999865, 3.1719923051221874, 0.3931074529898321
8.429999999999865, 3.142820137399726, 0.3698588614518864
8.439999999999864, 3.136930267817797, 0.36454757875807253
8.449999999999864, 3.1756245283951325, 0.33811854848469236
8.459999999999864, 3.1549684274601626, 0.3370498241017055
8.469999999999864, 3.1508692982460516, 0.3896198220842442
8.479999999999864, 3.13174349806042, 0.38776782268015364
8.489999999999863, 3.135656976220619, 0.39604878026036144
8.499999999999863, 3.170391917211294, 0.37266203883303073
8.509999999999863, 3.175561984099698, 0.36506546498621695
8.519999999999863, 3.1494264775929777, 0.3722513882154591
8.529999999999863, 3.17175781655755, 0.3253668739692429
8.539999999999862, 3.178245651668594, 0.32355409118451084
8.549999999999862, 3.181128077789785, 0.348842235859458
8.559999999999862, 3.2206717835865484, 0.3600341540426016
8.569999999999862, 3.216587185628503, 0.35884800604899164
8.579999999999862, 3.2442980777195047, 0.3827522973056712
8.589999999999861, 3.2540470876419594, 0.3660280064653535
8.599999999999861, 3.282787259524045, 0.3853759996754238
8.60999999999986, 3.2761864066753232, 0.37553121453962446
8.61999999999986, 3.305524222563535, 0.38363265086244364
8.62999999999986, 3.2978976560889226, 0.37882122760164344
8.63999999999986, 3.2988952420610023, 0.39817586380592784
8.64999999999986, 3.3211876545842713, 0.3890924014137691
8.65999999999986, 3.30173275959718, 0.37575484101354417
8.66999999999986, 3.2997282493433726, 0.3638223000751143
8.67999999999986, 3.3026059856235737, 0.359268092177603
8.68999999999986, 3.2902714008769376, 0.4057795856711489
8.699999999999859, 3.2703634403463466, 0.40956476035125905
8.709999999999859, 3.2471979812322886, 0.3802883692379783
8.719999999999859, 3.253824394145419, 0.41324930438825463
8.729999999999858, 3.2694201983139135, 0.4346969091824794
8.739999999999858, 3.2672048648664775, 0.4589675760101587
8.749999999999858, 3.241285983016001, 0.44992442884552125
8.759999999999858, 3.2761060356070852, 0.4409943672603725
8.769999999999857, 3.2747570416190803, 0.45663568986178715
8.779999999999857, 3.2756155456421583, 0.4408680885382634
8.789999999999857, 3.2465258960118146, 0.4637076508632353
8.799999999999857, 3.2805637408116497, 0.4617376070654522
8.809999999999857, 3.328084355450263, 0.4688298968865698
8.819999999999856, 3.2990433017646783, 0.458446132487721
8.829999999999856, 3.3215390471141015, 0.4681084642459598
8.839999999999856, 3.2956276259623367, 0.4739727141425891
8.849999999999856, 3.31135396838853, 0.4581300542006623
8.859999999999856, 3.309841163774085, 0.4861697777544768
8.869999999999855, 3.3274643612787003, 0.45545927024795774
8.879999999999855, 3.3138690017301085, 0.45879501359638525
8.889999999999855, 3.2782564895583444, 0.47726352187971904
8.899999999999855, 3.2815903934920234, 0.4994297239769453
8.909999999999854, 3.268051600019938, 0.5432815430707862
8.919999999999854, 3.264047584586613, 0.5245952498576378
8.929999999999854, 3.285135357444359, 0.5026058421436677
8.939999999999854, 3.2835538190532088, 0.5049416130572839
8.949999999999854, 3.3224694087369615, 0.5041684928507619
8.959999999999853, 3.321002141727381, 0.4972826142408812
8.969999999999853, 3.321927005441018, 0.49933227548094494
8.979999999999853, 3.344465357643779, 0.49541149062625717
8.989999999999853, 3.365565165657381, 0.5182400319634689
8.999999999999853, 3.3640865143494243, 0.5487205133524445
9.009999999999852, 3.3622054490612086, 0.5319868006944811
9.019999999999852, 3.3654738677588516, 0.5063966794394152
9.029999999999852, 3.346824588122592, 0.49256354538765995
9.039999999999852, 3.329986864849246, 0.5028382461060941
9.049999999999851, 3.320290167723774, 0.48846186920222323
9.059999999999851, 3.3184882519602046, 0.46389697972660476
9.069999999999851, 3.332818190797305, 0.4398427934327014
9.07999999999985, 3.3515155157875713, 0.462871770769592
9.08999999999985, 3.3614718360732696, 0.44500161902255186
9.09999999999985, 3.3661047414618652, 0.4214766337736877
9.10999999999985, 3.364250774003956, 0.40176927344723784
9.11999999999985, 3.341004682544035, 0.40934253691328615
9.12999999999985, 3.3420990363925003, 0.4259722595673988
9.13999999999985, 3.371595208633106, 0.4422636350825353
9.14999999999985, 3.415644454282596, 0.4316847039796802
9.15999999999985, 3.4190992547477923, 0.43874599683473847
9.169999999999849, 3.4173341939532884, 0.419097370518815
9.179999999999849, 3.4084461761416502, 0.39299854861887434
9.189999999999849, 3.412021453392752, 0.41337444790913236
9.199999999999848, 3.3981435769821275, 0.4000934754805595
9.209999999999848, 3.401083906722798, 0.399178626108457
9.219999999999848, 3.405235790816257, 0.40062757256135206
9.229999999999848, 3.4186637338624695, 0.4534616823259631
9.239999999999847, 3.3994238773481467, 0.4856834434788117
9.249999999999847, 3.3963629193080584, 0.4740999004680634
9.259999999999847, 3.406719992547953, 0.4626910688790026
9.269999999999847, 3.42360288958345, 0.4630224363649054
9.279999999999847, 3.433533585806647, 0.4901466013155411
9.289999999999846, 3.467591464649564, 0.5121042222278547
9.299999999999846, 3.481946157177739, 0.5136804362139238
9.309999999999846, 3.488353024878523, 0.5304584294496297
9.319999999999846, 3.494786747101294, 0.5391196519740181
9.329999999999846, 3.543057490154439, 0.5280847686182849
9.339999999999845, 3.5255333891213034, 0.556988536341344
9.349999999999845, 3.525193423825043, 0.5388907596921408
9.359999999999845, 3.5505830981785276, 0.527933235346133
9.369999999999845, 3.547634374062005, 0.5785939455576613
9.379999999999844, 3.5302206397673124, 0.6162413059735655
9.389999999999844, 3.513361347230414, 0.6217520573138283
9.399999999999844, 3.510805923815004, 0.6185162426801794
9.409999999999844, 3.5472455354203727, 0.6397488043557835
9.419999999999844, 3.5419367476881476, 0.6248315705349199
9.429999999999843, 3.566438315584814, 0.6037617817244786
9.439999999999843, 3.5877968934838393, 0.5856640846237333
9.449999999999843, 3.623834319404424, 0.6363295211589972
9.459999999999843, 3.6357290454275337, 0.6403214774847257
9.469999999999843, 3.6158032243404885, 0.6316001927339838
9.479999999999842, 3.5890538472233575, 0.6170713891931724
9.489999999999842, 3.584033560730092, 0.6051299697991588
9.499999999999842, 3.63855378468364, 0.6171053301369173
9.509999999999842, 3.6203527100012542, 0.6322758150123124
9.519999999999841, 3.621662811921008, 0.6621824013001812
9.529999999999841, 3.6568784968272747, 0.6492624309151855
9.539999999999841, 3.6717168395612907, 0.6644316848689085
9.54999999999984, 3.7195650717379416, 0.6687474010521535
9.55999999999984, 3.7380198477035274, 0.6746881496938085
9.56999999999984, 3.747052147478837, 0.6630605727292664
9.57999999999984, 3.7596263654820783, 0.6266235991943845
9.58999999999984, 3.755963349898112, 0.6295090311919086
9.59999999999984, 3.737720507515646, 0.6203490919676736
9.60999999999984, 3.7583315742346666, 0.6208488094398323
9.61999999999984, 3.7788380164583124, 0.6182635765814758
9.62999999999984, 3.799230522469534, 0.6307226262039191
9.639999999999839, 3.7926994441721336, 0.6183167775193077
9.649999999999839, 3.764977949820233, 0.6040780798377599
9.659999999999838, 3.7742095204511434, 0.6381942170583029
9.669999999999838, 3.750981854033295, 0.6443289442564507
9.679999999999838, 3.735822067399388, 0.6371792164066588
9.689999999999838, 3.7458050854500407, 0.6244389278280422
9.699999999999838, 3.7517249493793914, 0.6393589722777093
9.709999999999837, 3.73654851612219, 0.6301759857597923
9.719999999999837, 3.7300193997165647, 0.6262704465090133
9.729999999999837, 3.760821090899893, 0.626607581746088
9.739999999999837, 3.749967667999853, 0.635821232194618
9.749999999999837, 3.7099416344963903, 0.6120008208932024
9.759999999999836, 3.6922710217450603, 0.594295025154902
9.769999999999836, 3.647301713106598, 0.5800226510462181
9.779999999999836, 3.653585239684496, 0.576884142198023
9.789999999999836, 3.6506485437249663, 0.6234445333355627
9.799999999999836, 3.680706968228248, 0.6742164891961688
9.809999999999835, 3.6750566980558723, 0.6674695513790185
9.819999999999835, 3.667292528636445, 0.654689612534644
9.829999999999835, 3.659530191663725, 0.6545166909091182
9.839999999999835, 3.6834886650669048, 0.6275398052492804
9.849999999999834, 3.677873197788499, 0.6655343976134481
9.859999999999834, 3.6906916899709414, 0.6788391493355922
9.869999999999834, 3.6793475004019585, 0.663558133743054
9.879999999999834, 3.679380871795986, 0.6366213827369089
9.889999999999834, 3.666919451175946, 0.664687546277108
9.899999999999833, 3.6936756344533075, 0.6793406907716087
9.909999999999833, 3.70114422898286, 0.6940447972954891
9.919999999999833, 3.6741665085850865, 0.6999062901443432
9.929999999999833, 3.6645819478025974, 0.6798094751253406
9.939999999999833, 3.665402659407087, 0.6618804634759309
9.949999999999832, 3.6517365068911807, 0.6770529017971251
9.959999999999832, 3.642193358017841, 0.7049785988345846
9.969999999999832, 3.6125719081540644, 0.707094461604053
9.979999999999832, 3.6189669797231696, 0.7000937658800811
9.989999999999831, 3.618996702562877, 0.6697923142969722
9.999999999999831, 3.643294683583868, 0.6982217100517385
10.009999999999831, 3.652858490604203, 0.6740136874537129
10.01999999999983, 3.6800527940501033, 0.6689051162584396
10.02999999999983, 3.715895434590226, 0.6747371759858249
10.03999999999983, 3.7506302938686256, 0.6696781741081483
10.04999999999983, 3.744458323081864, 0.6527743143299599
10.05999999999983, 3.79191295870742, 0.6527807360302227
10.06999999999983, 3.7976605940937436, 0.6323357074182394
10.07999999999983, 3.818559830208526, 0.6199242707690681
10.08999999999983, 3.8124227450925368, 0.6225882468764034
10.09999999999983, 3.7968806059113014, 0.6526562920307545
10.109999999999829, 3.8049378994387464, 0.629004162472527
10.119999999999829, 3.7884537492477093, 0.6252703877692051
10.129999999999828, 3.7430731076660817, 0.6318743765409988
10.139999999999828, 3.7543827312325764, 0.619326960271209
10.149999999999828, 3.720846456880413, 0.6047949090820217
10.159999999999828, 3.721610478211104, 0.6220402071206887
10.169999999999828, 3.727262096693752, 0.6467785068272673
10.179999999999827, 3.7156484984329046, 0.6769497881812356
10.189999999999827, 3.7258400482456357, 0.680040648299501
10.199999999999827, 3.7082696961808597, 0.6906162101564464
10.209999999999827, 3.6904338436346342, 0.6879590252381773
10.219999999999827, 3.7040443932306664, 0.6812172107595278
10.229999999999826, 3.688232162253902, 0.7099399316935062
10.239999999999826, 3.713366606896876, 0.7025204853125497
10.249999999999826, 3.7217552934741596, 0.6828525884946876
10.259999999999826, 3.707677929580023, 0.6745866829922009
10.269999999999825, 3.6628448004386, 0.6789858271265475
10.279999999999825, 3.6453962108004507, 0.7079641057655535
10.289999999999825, 3.6425768340668108, 0.7368412799620145
10.299999999999825, 3.60991837308995, 0.7271957331667943
10.309999999999825, 3.5926557441542264, 0.7484984241785146
10.319999999999824, 3.573236161990455, 0.7603597911855252
10.329999999999824, 3.5740365106696355, 0.7596769599935751
10.339999999999824, 3.5716660398557836, 0.7474113583895797
10.349999999999824, 3.6032352432624033, 0.7229595476734193
10.359999999999824, 3.6276473117575256, 0.7384174740248328
10.369999999999823, 3.652107187993447, 0.7141558370957348
10.379999999999823, 3.6399929736184564, 0.7356093464430207
10.389999999999823, 3.6531935693025264, 0.7623464830158106
10.399999999999823, 3.6306075462988203, 0.7714250514780385
10.409999999999823, 3.6562027298829536, 0.808944161821135
10.419999999999822, 3.666046664328954, 0.8018667023276074
10.429999999999822, 3.6526046340915195, 0.8242873015736876
10.439999999999822, 3.65249351024672, 0.8391049870634566
10.449999999999822, 3.674174831020765, 0.8416905307367822
10.459999999999821, 3.6643987556168907, 0.8411473732075112
10.469999999999821, 3.673706694344223, 0.8838733323593337
10.479999999999821, 3.7102573339897673, 0.8956829344328181
10.48999999999982, 3.6838082029604466, 0.9291339234179227
10.49999999999982, 3.7116819868108966, 0.9443695485399513
10.50999999999982, 3.694861179758726, 0.9365152374393829
10.51999999999982, 3.694981524815754, 0.9333526490967528
10.52999999999982, 3.722814905009067, 0.9597014945217313
10.53999999999982, 3.7208710769291318, 0.9462862770991443
10.54999999999982, 3.745579495656419, 0.9287420107849149
10.55999999999982, 3.789609369431602, 0.9257310190791914
10.569999999999819, 3.7568078705333114, 0.9634488171016635
10.579999999999819, 3.7932169379340404, 1.0018946021258863
10.589999999999819, 3.7866518363112647, 1.0138448034658112
10.599999999999818, 3.800182171396147, 1.0642477737533376
10.609999999999818, 3.808420633948401, 1.0760396356059385
10.619999999999818, 3.795438488139773, 1.0553704120758791
10.629999999999818, 3.82700735890401, 1.040489988976889
10.639999999999818, 3.858627688486101, 1.0378738551490536
10.649999999999817, 3.85326081890067, 1.062293328818592
10.659999999999817, 3.889481863314913, 1.09506542446691
10.669999999999817, 3.8890761675800807, 1.119463525835239
10.679999999999817, 3.886313228520769, 1.1013579770135278
10.689999999999817, 3.869261924507692, 1.0944227688053076
10.699999999999816, 3.8615660915695527, 1.0982624190658918
10.709999999999816, 3.8593693060090604, 1.1072862518550264
10.719999999999816, 3.8423541371557626, 1.11277664792957
10.729999999999816, 3.84269695189403, 1.116666245017855
10.739999999999815, 3.8372552878613946, 1.1320990416150893
10.749999999999815, 3.873913760408956, 1.1443495718015966
10.759999999999815, 3.9180705920064325, 1.1769559363696669
10.769999999999815, 3.931461761814838, 1.1559084013028584
10.779999999999815, 3.9376712474584084, 1.1647079324107206
10.789999999999814, 3.928201938053433, 1.151801729991838
10.799999999999814, 3.941379333352366, 1.167550664506279
10.809999999999814, 3.9238367018184315, 1.1697084414546328
10.819999999999814, 3.9033803887441265, 1.149452489662274
10.829999999999814, 3.893474112460587, 1.1624935653472788
10.839999999999813, 3.8882279826653625, 1.159799602762601
10.849999999999813, 3.883338688174598, 1.1500040821405877
10.859999999999813, 3.901002310214958, 1.1648368775701492
10.869999999999813, 3.910232304670604, 1.1686002559058504
10.879999999999812, 3.9585279602379275, 1.1555369035045224
10.889999999999812, 4.0020664050644745, 1.1411208142560145
10.899999999999812, 3.971699387804868, 1.179222833948283
10.909999999999812, 3.9534533724195406, 1.1814615860276123
10.919999999999812, 3.9653600156007456, 1.2099546118229927
10.929999999999811, 3.990652263657269, 1.2024398808105883
10.939999999999811, 3.9965796486003007, 1.2176669840996883
10.949999999999811, 3.978306448072424, 1.219921301822671
10.95999999999981, 3.9454438491811255, 1.231952902391692
10.96999999999981, 3.9403206995058064, 1.2438816094307827
10.97999999999981, 3.9537926004833794, 1.2813852795073724
10.98999999999981, 3.96207268502253, 1.3035899775300683
10.99999999999981, 3.9576285698599847, 1.3177113791826351
11.00999999999981, 3.97222368697118, 1.3193282405810158
11.01999999999981, 3.960489520754234, 1.3213703564748887
11.02999999999981, 3.9533679924297997, 1.3340069711598768
11.039999999999809, 3.927564995195683, 1.355923189924025
11.049999999999809, 3.8843672388019526, 1.3549398913790525
11.059999999999809, 3.9162291209280093, 1.3749897840608944
11.069999999999808, 3.932057196399936, 1.3640017579249921
11.079999999999808, 3.932922501360012, 1.3534359088585357
11.089999999999808, 3.9407428964235005, 1.3803852591534584
11.099999999999808, 3.9193498808176894, 1.3962282111660838
11.109999999999808, 3.9053341681157434, 1.3924017931360482
11.119999999999807, 3.8802686588627155, 1.4373270852547273
11.129999999999807, 3.8653311451442987, 1.4111820457641475
11.139999999999807, 3.844508139190614, 1.382217112293727
11.149999999999807, 3.8168492643664362, 1.377117979128102
11.159999999999807, 3.854165117353513, 1.3654265732875084
11.169999999999806, 3.850424606140841, 1.372644209590288
11.179999999999806, 3.8826155174928085, 1.3598987666519302
11.189999999999806, 3.8669213837030125, 1.3314782021981322
11.199999999999806, 3.8815117472519973, 1.3337739865269844
11.209999999999805, 3.864949180273501, 1.3354805750337244
11.219999999999805, 3.8636101749684544, 1.3161631594971075
11.229999999999805, 3.8964664194780676, 1.3434653928055438
11.239999999999805, 3.9152027525188338, 1.3395617842281609
11.249999999999805, 3.8935417687864406, 1.3358166202522366
11.259999999999804, 3.8838454526296524, 1.2979591252290732
11.269999999999804, 3.906310134154901, 1.302736923579362
11.279999999999804, 3.862903197071797, 1.3111279961484903
11.289999999999804, 3.8786548659922486, 1.3133677661003718
11.299999999999804, 3.892471869710914, 1.3279621525395542
11.309999999999803, 3.864145763239159, 1.3266421384330376
11.319999999999803, 3.8670379634853966, 1.3143274484418395
11.329999999999803, 3.895748217893927, 1.3471847460507267
11.339999999999803, 3.9171853709178266, 1.349567960068919
11.349999999999802, 3.9294444676089255, 1.3872135806564145
11.359999999999802, 3.915452633359012, 1.419993010607484
11.369999999999802, 3.8992888725268493, 1.4038498602934923
11.379999999999802, 3.9325256670666757, 1.3927230101267984
11.389999999999802, 3.941787923181661, 1.4034922193410309
11.399999999999801, 3.9261848610589927, 1.3926978411653952
11.409999999999801, 3.9280330920303195, 1.3839105068482658
11.419999999999801, 3.9054346761760668, 1.402622609740112
11.4299999999998, 3.9433021677606255, 1.4011114519472505
11.4399999999998, 3.9379693817929144, 1.4114284784915279
11.4499999999998, 3.9747950223737556, 1.3682001506546009
11.4599999999998, 3.9698575748433367, 1.3307230005692936
11.4699999999998, 4.014360425187497, 1.3100394493794327
11.4799999999998, 4.008918517134957, 1.31564147765943
11.4899999999998, 3.979488922991511, 1.3194408835831661
11.4999999999998, 3.9472528156170767, 1.3519214139530884
11.509999999999799, 3.94929491135344, 1.353973986335857
11.519999999999799, 3.9274660787616686, 1.3489112493658153
11.529999999999799, 3.9062626105865688, 1.3637197636398943
11.539999999999798, 3.9139655880586743, 1.3529657671666269
11.549999999999798, 3.894734558924223, 1.3638940173885887
11.559999999999798, 3.8808106390326405, 1.3476752743807454
11.569999999999798, 3.9368608370656655, 1.3552071368177976
11.579999999999798, 3.946756353720378, 1.3630964492200597
11.589999999999797, 3.9959912898256067, 1.4051745417774533
11.599999999999797, 4.0113881158323395, 1.3842064741610391
11.609999999999797, 4.039414525047345, 1.3656791053120847
11.619999999999797, 4.03680391132359, 1.3626590278127384
11.629999999999797, 4.0318333249089475, 1.3728023714811113
11.639999999999796, 4.026670569869512, 1.3357551789614905
11.649999999999796, 4.0582593165132215, 1.3114386779818943
11.659999999999796, 4.051069290493526, 1.298736516636302
11.669999999999796, 4.065039696675713, 1.2946895166348495
11.679999999999795, 4.090443905472198, 1.2874837144624445
11.689999999999795, 4.086947913952416, 1.2849724434321796
11.699999999999795, 4.097010925144285, 1.2583623004516702
11.709999999999795, 4.139617690684821, 1.258681878636839
11.719999999999795, 4.159719860461536, 1.246411268892793
11.729999999999794, 4.159258356258182, 1.2588409775348397
11.739999999999794, 4.151337182982651, 1.2451783941031396
11.749999999999794, 4.160327993275078, 1.2218586419008624
11.759999999999794, 4.167565852631354, 1.2523180572743
11.769999999999794, 4.177884900537447, 1.2329164234024796
11.779999999999793, 4.16183493020948, 1.263427555319358
11.789999999999793, 4.147440989463445, 1.2928588534941592
11.799999999999793, 4.1216733432232715, 1.3174937065094918
11.809999999999793, 4.109137372725671, 1.3296128344641052
11.819999999999792, 4.117771461432147, 1.3678798634091283
11.829999999999792, 4.153078026205214, 1.352866059462833
11.839999999999792, 4.131017854599558, 1.3922320527693315
11.849999999999792, 4.1433813570688125, 1.4194973206201869
11.859999999999792, 4.166838765500647, 1.407010643491893
11.869999999999791, 4.176464992821653, 1.3945926483166127
11.879999999999791, 4.152122626555106, 1.4238847249473525
11.889999999999791, 4.106733737017583, 1.4134741953017829
11.89999999999979, 4.133788927526462, 1.4335120219347428
11.90999999999979, 4.109804088183396, 1.433932554740188
11.91999999999979, 4.1191214077854745, 1.4297352791574225
11.92999999999979, 4.128382407985457, 1.4498015656222696
11.93999999999979, 4.15238439951762, 1.500587672326091
11.94999999999979, 4.135105978097225, 1.4931572212924495
11.95999999999979, 4.162935561086527, 1.508043991735855
11.96999999999979, 4.154389596861398, 1.5086773653726309
11.979999999999789, 4.147888756435322, 1.4733785246205238
11.989999999999789, 4.151717207218579, 1.470655393450158
11.999999999999789, 4.145159705770015, 1.4942721322438552
12.009999999999788, 4.162584197149305, 1.465141827689314
12.019999999999788, 4.156013204257642, 1.4405015326249673
12.029999999999788, 4.18076462161786, 1.4415561394724887
12.039999999999788, 4.21937539057675, 1.412751493966625
12.049999999999788, 4.22589449020854, 1.4590398751849072
12.059999999999787, 4.256323112509537, 1.4342293948880698
12.069999999999787, 4.28569528227987, 1.4167373990725758
12.079999999999787, 4.273564804883452, 1.4256674172632127
12.089999999999787, 4.25636882716344, 1.4316714499779257
12.099999999999786, 4.269847230245229, 1.4430266322215297
12.109999999999786, 4.267912074879326, 1.4297939245350493
12.119999999999786, 4.29006996572089, 1.4346177341499287
12.129999999999786, 4.285920618019735, 1.4591739526963272
12.139999999999786, 4.301333127186227, 1.4825275911252869
12.149999999999785, 4.289165468139502, 1.4775689856852396
12.159999999999785, 4.284906217227102, 1.4764582026473125
12.169999999999785, 4.3003541391794435, 1.4962300522355931
12.179999999999785, 4.316351213475022, 1.5140413408503781
12.189999999999785, 4.310432078109988, 1.4946288959785006
12.199999999999784, 4.289858923670526, 1.4769849986559136
12.209999999999784, 4.273527490152322, 1.4868861414469376
12.219999999999784, 4.290205370357409, 1.4622953204755214
12.229999999999784, 4.266884929079056, 1.4680839671323496
12.239999999999783, 4.301766323439104, 1.4487204833346705
12.249999999999783, 4.272390513324473, 1.4546284001940557
12.259999999999783, 4.265744063707581, 1.4658616163279021
12.269999999999783, 4.266776784017128, 1.4757928685319635
12.279999999999783, 4.252753266864755, 1.5039779541529568
12.289999999999782, 4.269471264360215, 1.4781733043768102
12.299999999999782, 4.270087681255107, 1.4891212877760434
12.309999999999782, 4.262524885293955, 1.4745769790043746
12.319999999999782, 4.246203507228078, 1.5205399575036957
12.329999999999782, 4.229969834642862, 1.5125144257584406
12.339999999999781, 4.215529345066929, 1.5099932801731855
12.349999999999781, 4.23106773956542, 1.4869825398293766
12.359999999999781, 4.229020684958791, 1.4672252516608508
12.36999999999978, 4.263920352195332, 1.4824352887675443
12.37999999999978, 4.294718935186491, 1.4358127748686211
12.38999999999978, 4.295670673878194, 1.446529954521987
12.39999999999978, 4.292255443227516, 1.4760963212484441
12.40999999999978, 4.310061993202222, 1.4754193324549143
12.41999999999978, 4.280737497669052, 1.4665777028431832
12.42999999999978, 4.310528220987374, 1.459518242643289
12.43999999999978, 4.290478563415719, 1.4507909502773546
12.449999999999779, 4.315174075131262, 1.4260012559652877
12.459999999999779, 4.327229861181717, 1.4217731181459758
12.469999999999779, 4.3246612598816965, 1.414819015927963
12.479999999999778, 4.349249166102582, 1.4402133675542867
12.489999999999778, 4.339135276724389, 1.4416664543133917
12.499999999999778, 4.3347652103892385, 1.4131884574681601
12.509999999999778, 4.341615783473174, 1.4375555645772466
12.519999999999778, 4.333898468892277, 1.4330316866312618
12.529999999999777, 4.319241512460546, 1.4142432411012325
12.539999999999777, 4.319711453553373, 1.3830199432002064
12.549999999999777, 4.337980934515125, 1.395519636441824
12.559999999999777, 4.348988382973953, 1.4200895336192394
12.569999999999776, 4.353258094568428, 1.4201738180301156
12.579999999999776, 4.326904559283842, 1.4006417939163642
12.589999999999776, 4.306109040200767, 1.4122508577981119
12.599999999999776, 4.322497828300106, 1.441760197250994
12.609999999999776, 4.322973961505491, 1.4587751326763796
12.619999999999775, 4.309080083469856, 1.4669792626232
12.629999999999775, 4.338854640344759, 1.475094948507853
12.639999999999775, 4.302957414302584, 1.4869967634950307
12.649999999999775, 4.286638596243764, 1.4880121751030715
12.659999999999775, 4.321232427101817, 1.4952784882844556
12.669999999999774, 4.307601882163847, 1.5008935325076571
12.679999999999774, 4.318868777995471, 1.5531929461322411
12.689999999999774, 4.317424171984091, 1.5747637074081928
12.699999999999774, 4.333028553958879, 1.5565374727598433
12.709999999999773, 4.3229684508945905, 1.5483864757556647
12.719999999999773, 4.319023262047668, 1.5597081356010671
12.729999999999773, 4.3321884096134315, 1.551727144888413
12.739999999999773, 4.348956215328203, 1.5423583132391017
12.749999999999773, 4.366860909764268, 1.558681304324698
12.759999999999772, 4.355963294948531, 1.5577601773757064
12.769999999999772, 4.345897124017777, 1.5764822608690212
12.779999999999772, 4.310185772626992, 1.5990717714243639
12.789999999999772, 4.2914342716290035, 1.6093099605687948
12.799999999999772, 4.315116684594788, 1.6152152441230765
12.809999999999771, 4.353947769540996, 1.5892461954710708
12.819999999999771, 4.364206580852929, 1.5743106488160943
12.829999999999771, 4.360089432126241, 1.6261461608960854
12.83999999999977, 4.370010863867587, 1.62061192590823
12.84999999999977, 4.368455712889672, 1.6171017782368629
12.85999999999977, 4.366896437390751, 1.6072628847947261
12.86999999999977, 4.3948229311554705, 1.6144023285166704
12.87999999999977, 4.406247783143016, 1.5959645005942462
12.88999999999977, 4.409420399302564, 1.5963008118416662
12.89999999999977, 4.412634087038751, 1.6060089009268355
12.90999999999977, 4.3964814824083565, 1.6118563876642205
12.919999999999769, 4.376075930774642, 1.6184776675834642
12.929999999999769, 4.389830844200794, 1.6077247877797542
12.939999999999769, 4.371073360721606, 1.6485985697139005
12.949999999999768, 4.3779191218341005, 1.6530775203265762
12.959999999999768, 4.416848519149624, 1.6273511907423919
12.969999999999768, 4.435562356729145, 1.643210422942279
12.979999999999768, 4.436390106505903, 1.6543878192479358
12.989999999999768, 4.494609380201258, 1.6507044210957804
12.999999999999767, 4.477700768372529, 1.644982648793589
13.009999999999767, 4.482777320230795, 1.6480921857838293
13.019999999999767, 4.483572475654414, 1.6580152051289003
13.029999999999767, 4.467475982712579, 1.6523446809631614
13.039999999999766, 4.456692232764227, 1.635674172704453
13.049999999999766, 4.457809134343165, 1.6301788272783313
13.059999999999766, 4.434791529246871, 1.5878302608150372
13.069999999999766, 4.432996177693826, 1.5982292402663048
13.079999999999766, 4.4635857565175705, 1.5926216733436684
13.089999999999765, 4.446627595533566, 1.580511274331661
13.099999999999765, 4.45964880511973, 1.6042608160122218
13.109999999999765, 4.4946976814901936, 1.5955937193403043
13.119999999999765, 4.486179487845794, 1.575456924267166
13.129999999999765, 4.477402216548169, 1.5651373407481153
13.139999999999764, 4.4603789096301565, 1.5658735494372948
13.149999999999764, 4.470559309971339, 1.5945429653393348
13.159999999999764, 4.5179584337017795, 1.6178435154369004
13.169999999999764, 4.521174955337429, 1.6094760535832011
13.179999999999763, 4.521954670325666, 1.620622344207797
13.189999999999763, 4.505026683217514, 1.6419537381818219
13.199999999999763, 4.515325936755774, 1.6405205234679547
13.209999999999763, 4.513109894648843, 1.6464478979619002
13.219999999999763, 4.551944030606575, 1.6676220628456075
13.229999999999762, 4.522870615114554, 1.6843727793326817
13.239999999999762, 4.536025499963232, 1.6784855029633203
13.249999999999762, 4.5493072073163905, 1.6552994706273305
13.259999999999762, 4.571768879477209, 1.6444403945576604
13.269999999999762, 4.610586171367558, 1.6243411146218572
13.279999999999761, 4.632974012996896, 1.6081892277399592
13.289999999999761, 4.622885853254688, 1.5956495623043765
13.299999999999761, 4.635986983911495, 1.6033836923652551
13.30999999999976, 4.646159351437519, 1.5616528588474883
13.31999999999976, 4.639499838768639, 1.5452575177033763
13.32999999999976, 4.637526460056252, 1.5524541627805712
13.33999999999976, 4.659831548466384, 1.5277132520841479
13.34999999999976, 4.673198931440187, 1.5082072582178923
13.35999999999976, 4.6627336761650735, 1.510081475753667
13.36999999999976, 4.658092662671695, 1.523108569119621
13.37999999999976, 4.664500568047709, 1.4989094016565576
13.389999999999759, 4.667576527977008, 1.480212543257569
13.399999999999759, 4.670196593033163, 1.489814708743591
13.409999999999759, 4.721389528942351, 1.4949700633494472
13.419999999999758, 4.750324839047399, 1.5034940706194244
13.429999999999758, 4.759960369803315, 1.5377932081384904
13.439999999999758, 4.760283647289754, 1.5312559228527858
13.449999999999758, 4.772129044474996, 1.5275801495752865
13.459999999999757, 4.755415965575889, 1.5067690804388478
13.469999999999757, 4.7555698386297145, 1.4990903269177038
13.479999999999757, 4.758849262525944, 1.4777450517459378
13.489999999999757, 4.738809796635818, 1.5252856238998265
13.499999999999757, 4.729833758735887, 1.5190998659510655
13.509999999999756, 4.776756693938464, 1.5280605774212936
13.519999999999756, 4.777272811381886, 1.5266065732008496
13.529999999999756, 4.80460930345989, 1.5617311557700948
13.539999999999756, 4.843899525345075, 1.5380559185101212
13.549999999999756, 4.831217377063946, 1.540459051688282
13.559999999999755, 4.840848260766196, 1.5515948392386598
13.569999999999755, 4.86123345977939, 1.5178882106953888
13.579999999999755, 4.8740849979495575, 1.5241392612585527
13.589999999999755, 4.847200373991459, 1.5213527296524716
13.599999999999755, 4.825977445067059, 1.4880696554208175
13.609999999999754, 4.838243553929804, 1.4881155486540254
13.619999999999754, 4.844039986883801, 1.4652057063818278
13.629999999999754, 4.813745046860899, 1.51982766954237
13.639999999999754, 4.772225111562062, 1.5167083177685363
13.649999999999753, 4.7693654560211085, 1.4987043405532954
13.659999999999753, 4.778534802117202, 1.4712445571531592
13.669999999999753, 4.795161670705082, 1.4716914434831785
13.679999999999753, 4.792641846826988, 1.4973207851449164
13.689999999999753, 4.780037847056014, 1.528181777670415
13.699999999999752, 4.767628527104427, 1.5531013770136737
13.709999999999752, 4.765618422352398, 1.5342622826194072
13.719999999999752, 4.809157961494499, 1.5735454316780908
13.729999999999752, 4.785642650113295, 1.6035691220975599
13.739999999999752, 4.762372287101338, 1.577596743690038
13.749999999999751, 4.762847921356449, 1.6028923391807703
13.759999999999751, 4.760401351052616, 1.6312014554181409
13.76999999999975, 4.76138519882213, 1.6382513225211335
13.77999999999975, 4.749312661468182, 1.646746025225754
13.78999999999975, 4.7595346822592255, 1.6436616181968613
13.79999999999975, 4.7507763481943295, 1.6358783258200684
13.80999999999975, 4.753925064458277, 1.664824630134878
13.81999999999975, 4.781727000258287, 1.6496190472970877
13.82999999999975, 4.758557598297715, 1.641160614654227
13.83999999999975, 4.7394026746926325, 1.6867165980826795
13.84999999999975, 4.727626886535144, 1.6690358747228078
13.859999999999749, 4.755448476574212, 1.7021545034249541
13.869999999999749, 4.756272842655174, 1.6986756931222293
13.879999999999749, 4.760958878662567, 1.714110653839735
13.889999999999748, 4.759463266444381, 1.70520787018699
13.899999999999748, 4.790147782501598, 1.6967420681195704
13.909999999999748, 4.764203741598229, 1.7286432373268257
13.919999999999748, 4.735176971974168, 1.7092349539053937
13.929999999999747, 4.727845183282347, 1.7257213284829063
13.939999999999747, 4.755751607969956, 1.7222648490224461
13.949999999999747, 4.749417434566813, 1.735918670182977
13.959999999999747, 4.762132917302711, 1.756188982964615
13.969999999999747, 4.76543676287877, 1.761438164544943
13.979999999999746, 4.768740780308406, 1.782495084035907
13.989999999999746, 4.778734960372135, 1.7795483861190522
13.999999999999746, 4.809454643154849, 1.7745526287105393
14.009999999999746, 4.8194524672742345, 1.8003787460145249
14.019999999999746, 4.813744185011426, 1.7844092231963498
14.029999999999745, 4.808053935435423, 1.7928457960065547
14.039999999999745, 4.813427905908545, 1.7830402491051334
14.049999999999745, 4.8118375714649915, 1.7730203417376524
14.059999999999745, 4.842560029768942, 1.7551105786126742
14.069999999999744, 4.849451720069258, 1.7545178853421695
14.079999999999744, 4.852796632026414, 1.7817980385103842
14.089999999999744, 4.857940825044305, 1.771283672821962
14.099999999999744, 4.874892592414397, 1.7788223996252663
14.109999999999744, 4.892512981104704, 1.7756222114896747
14.119999999999743, 4.891234511443007, 1.7658489537469375
14.129999999999743, 4.905599213100944, 1.7646266421166645
14.139999999999743, 4.89224558781147, 1.7397301679256523
14.149999999999743, 4.917281998079463, 1.722430902746231
14.159999999999743, 4.9305705897919525, 1.729577978002015
14.169999999999742, 4.937865404073763, 1.726299631123692
14.179999999999742, 4.941507123137002, 1.7223449573245682
14.189999999999742, 4.927228622251258, 1.7449161985681167
14.199999999999742, 4.917525619179126, 1.7185918279682422
14.209999999999742, 4.934316797369591, 1.7074887529629457
14.219999999999741, 4.92235989724622, 1.7079476724276967
14.229999999999741, 4.881592263954304, 1.6893317338802785
14.23999999999974, 4.899108761294042, 1.712399591067942
14.24999999999974, 4.887177284225443, 1.721604679597506
14.25999999999974, 4.903404728814266, 1.7492128354314946
14.26999999999974, 4.907973234622797, 1.7253955523346167
14.27999999999974, 4.938667551168052, 1.753281801352729
14.28999999999974, 4.9244314371703775, 1.7438491378366254
14.29999999999974, 4.938789570621484, 1.7219581187041086
14.30999999999974, 4.9612839336677785, 1.7428275878881645
14.31999999999974, 4.962611527224496, 1.748559515990154
14.329999999999739, 4.9367237636894625, 1.7570924544276552
14.339999999999739, 4.965801949714497, 1.7672627719935152
14.349999999999739, 4.972702737129864, 1.7881673997606746
14.359999999999738, 5.030951706829999, 1.7942123296603005
14.369999999999738, 4.995320454217354, 1.7788881580625526
14.379999999999738, 5.017843490278957, 1.7630934890861403
14.389999999999738, 5.033585871855211, 1.7510416298809672
14.399999999999737, 5.05625231885056, 1.7395465829070487
14.409999999999737, 5.052135542942021, 1.7449386537384561
14.419999999999737, 5.028233081087304, 1.7628977684785752
14.429999999999737, 5.0174194151535, 1.7557350445762891
14.439999999999737, 5.014951135671393, 1.757400785502236
14.449999999999736, 5.008382885952443, 1.750891089893962
14.459999999999736, 5.005882089759604, 1.7536496517899818
14.469999999999736, 5.027689448266996, 1.7818971338571605
14.479999999999736, 5.036700219862396, 1.7734032235309103
14.489999999999736, 5.048452735451125, 1.7357006769466348
14.499999999999735, 5.0509236754207825, 1.7630462684686432
14.509999999999735, 5.055352970587889, 1.780320390588453
14.519999999999735, 5.055531313121585, 1.7643153974276495
14.529999999999735, 5.013864427619075, 1.739136375823469
14.539999999999734, 5.0431341764881745, 1.7452097616776006
14.549999999999734, 5.089792766724374, 1.7218167112334926
14.559999999999734, 5.122958600355468, 1.7017785370326257
14.569999999999734, 5.132062801373912, 1.7208403832533503
14.579999999999734, 5.1193864372532945, 1.7301261597506608
14.589999999999733, 5.09976248336601, 1.7701375399391712
14.599999999999733, 5.137605555771419, 1.7808062833018155
14.609999999999733, 5.11961582843636, 1.7829784398935138
14.619999999999733, 5.101656801185325, 1.8291137998469744
14.629999999999733, 5.131106053167388, 1.7970747559162896
14.639999999999732, 5.119158248215183, 1.7705775551036345
14.649999999999732, 5.128431405345541, 1.7467912242223582
14.659999999999732, 5.13211807092515, 1.748022116773625
14.669999999999732, 5.160718806936605, 1.7261517363251682
14.679999999999731, 5.164248458854149, 1.6974014937207973
14.689999999999731, 5.20228407711244, 1.6626319267168843
14.699999999999731, 5.18458711053886, 1.6323085836217115
14.70999999999973, 5.171954822904439, 1.6650825884396208
14.71999999999973, 5.175843012190166, 1.6571736940350783
14.72999999999973, 5.1912772450548, 1.6493063106894243
14.73999999999973, 5.21155098196363, 1.6410685634749673
14.74999999999973, 5.214393974056856, 1.623198809276566
14.75999999999973, 5.232422644251477, 1.5920616116264088
14.76999999999973, 5.2149272620794935, 1.6206682131744803
14.77999999999973, 5.2241537701043885, 1.613824082581468
14.78999999999973, 5.245935281781361, 1.6205337830863742
14.799999999999729, 5.267653643818877, 1.6123097084467983
14.809999999999729, 5.281189648919769, 1.6040663401897288
14.819999999999729, 5.301466734767532, 1.6050109693980303
14.829999999999728, 5.348152234460297, 1.5858010025015274
14.839999999999728, 5.358790405018025, 1.5634196533575146
14.849999999999728, 5.3411698769132645, 1.5228934158452416
14.859999999999728, 5.3438649712809765, 1.5409104189439176
14.869999999999727, 5.324530560244036, 1.5396601791284656
14.879999999999727, 5.304178564049034, 1.5412303551680386
14.889999999999727, 5.347728343216012, 1.528869048197513
14.899999999999727, 5.381147603392784, 1.5566402879168117
14.909999999999727, 5.392795514272069, 1.5420365193625603
14.919999999999726, 5.375169067154562, 1.5695517364421814
14.929999999999726, 5.3730190526368915, 1.5548571985120065
14.939999999999726, 5.394752022652382, 1.5446968178117564
14.949999999999726, 5.399098405185439, 1.5475601925272786
14.959999999999726, 5.392587375164726, 1.564041660923598
14.969999999999725, 5.408648143860537, 1.526484376526835
14.979999999999725, 5.40876428765854, 1.5499633577547591
14.989999999999725, 5.423641470057637, 1.5286472996728915
14.999999999999725, 5.419079998397263, 1.5074687389070198
15.009999999999724, 5.44812938354857, 1.4863384992758673
15.019999999999724, 5.475404143535788, 1.4711003843229722
15.029999999999724, 5.480167873282184, 1.458526547928373
15.039999999999724, 5.45057965446499, 1.5058265455348916
15.049999999999724, 5.43086307816343, 1.518219876246306
15.059999999999723, 5.440101054659781, 1.518335809940256
15.069999999999723, 5.453162471547266, 1.4969896336474182
15.079999999999723, 5.4484891279511745, 1.4758079178522399
15.089999999999723, 5.40719990579174, 1.4564201583905771
15.099999999999723, 5.404956749928329, 1.428953441578975
15.109999999999722, 5.402492913633489, 1.4769278882100156
15.119999999999722, 5.429892444581709, 1.464814914253117
15.129999999999722, 5.419682183707624, 1.4454149395643319
15.139999999999722, 5.450334950520913, 1.4518087529628725
15.149999999999721, 5.4887609434342455, 1.4586797446244009
15.159999999999721, 5.5270838229789625, 1.4460750546602812
15.169999999999721, 5.51476552989903, 1.473993742139733
15.17999999999972, 5.518765418274889, 1.475363914668427
15.18999999999972, 5.501202461052023, 1.4766942188585515
15.19999999999972, 5.492900151771584, 1.5129378768962947
15.20999999999972, 5.5199229476813745, 1.5309173691696103
15.21999999999972, 5.5050906861204645, 1.515113141763848
15.22999999999972, 5.533804624653106, 1.517701077498287
15.23999999999972, 5.580295892178186, 1.5090213958080025
15.24999999999972, 5.57278876793475, 1.502211633141612
15.25999999999972, 5.610660459455564, 1.5077727832520031
15.269999999999719, 5.616223105262444, 1.4913922444959693
15.279999999999719, 5.6319492892036855, 1.4750440766156356
15.289999999999718, 5.669690671737956, 1.4460681656220185
15.299999999999718, 5.683300873381975, 1.4408768189525099
15.309999999999718, 5.695479480044481, 1.4870256542867284
15.319999999999718, 5.694994973311895, 1.4910587056873605
15.329999999999718, 5.6941964490903825, 1.5006365540449305
15.339999999999717, 5.713484279278102, 1.475689724752913
15.349999999999717, 5.7131066001944655, 1.4467046246626047
15.359999999999717, 5.676137322613996, 1.4817344414554192
15.369999999999717, 5.655510750779992, 1.5166328591522236
15.379999999999717, 5.66656027307584, 1.5141222795434082
15.389999999999716, 5.682937564412225, 1.4843189812362512
15.399999999999716, 5.697114141547412, 1.478456413562016
15.409999999999716, 5.686921845031033, 1.4572824810087777
15.419999999999716, 5.688896383959576, 1.437280671027215
15.429999999999715, 5.708850782670739, 1.4048545531733807
15.439999999999715, 5.721240742980092, 1.3845186819191309
15.449999999999715, 5.679753005591599, 1.39571280304788
15.459999999999715, 5.6500215817889075, 1.3944009708419105
15.469999999999715, 5.672087796726274, 1.3543365890925654
15.479999999999714, 5.6973308253008215, 1.357103440687419
15.489999999999714, 5.698210418534643, 1.3511711357177656
15.499999999999714, 5.7121610616597716, 1.3475309952618195
15.509999999999714, 5.736784197658533, 1.3406397980613225
15.519999999999714, 5.764379842508331, 1.3260709099345793
15.529999999999713, 5.7653307583299, 1.3143404059118475
15.539999999999713, 5.746398209324224, 1.2969254021962056
15.549999999999713, 5.73272588968702, 1.288672272310203
15.559999999999713, 5.7426447817597195, 1.2778851567980798
15.569999999999713, 5.701905525505407, 1.2969441221875972
15.579999999999712, 5.709129934976007, 1.32756260464764
15.589999999999712, 5.705095931781764, 1.3222378091298381
15.599999999999712, 5.696287015035872, 1.3177261939575933
15.609999999999712, 5.687516037791712, 1.304020853037533
15.619999999999711, 5.692135545932879, 1.3171964271451044
15.629999999999711, 5.723022613962671, 1.3218559809440231
15.639999999999711, 5.723691338976019, 1.3419499908143022
15.64999999999971, 5.73660892450472, 1.3301513523697088
15.65999999999971, 5.725544714857869, 1.3011745384468696
15.66999999999971, 5.7602764707298695, 1.274872192631222
15.67999999999971, 5.789969298054678, 1.243052684310634
15.68999999999971, 5.807593144049614, 1.2185092896566707
15.69999999999971, 5.811164238370769, 1.21015992214507
15.70999999999971, 5.840653922960692, 1.2427940327001596
15.71999999999971, 5.85748340964724, 1.2483479398972168
15.729999999999709, 5.864375555547257, 1.2317733941034095
15.739999999999709, 5.828808042936139, 1.2162393980684116
15.749999999999709, 5.851345854633839, 1.2198598356481563
15.759999999999708, 5.852214530339238, 1.2266753540441717
15.769999999999708, 5.853114040320119, 1.2080231845286147
15.779999999999708, 5.841237497778058, 1.207462932567291
15.789999999999708, 5.84216168165933, 1.1912254418683357
15.799999999999708, 5.870080734057965, 1.2071601747084677
15.809999999999707, 5.853271946591873, 1.2033463524287407
15.819999999999707, 5.839917797576113, 1.239647529009878
15.829999999999707, 5.843593881753684, 1.2450033459295362
15.839999999999707, 5.832876178591809, 1.2227826085676923
15.849999999999707, 5.825290401404133, 1.220250290987958
15.859999999999706, 5.860157271876987, 1.1936852592237999
15.869999999999706, 5.874002843636668, 1.230013955957008
15.879999999999706, 5.860463857538138, 1.2183066313394462
15.889999999999706, 5.861801214421356, 1.2040809040526586
15.899999999999705, 5.8806027459006485, 1.1878538049378051
15.909999999999705, 5.857676582265053, 1.1571058801887184
15.919999999999705, 5.8630640555539735, 1.1597532197512672
15.929999999999705, 5.8699521580251925, 1.164730705725206
15.939999999999705, 5.883275389212962, 1.147082954762938
15.949999999999704, 5.869916979599219, 1.1520981863913955
15.959999999999704, 5.858196165248414, 1.191928462210756
15.969999999999704, 5.850894824379026, 1.201720124974592
15.979999999999704, 5.839185378899585, 1.184159208755208
15.989999999999704, 5.868918803090027, 1.1809147410190957
15.999999999999703, 5.90297976497317, 1.150185681476244
16.009999999999703, 5.898885917171204, 1.1524723295878985
16.019999999999705, 5.902946158713978, 1.139070511468799
16.029999999999706, 5.880015653773324, 1.117848751437886
16.039999999999708, 5.883352387973673, 1.1245887602015356
16.04999999999971, 5.898075349033677, 1.1009098095836398
16.05999999999971, 5.894099893243372, 1.0918681082213872
16.069999999999713, 5.880734144117692, 1.0757390539488096
16.079999999999714, 5.86900287362548, 1.092002836972927
16.089999999999716, 5.861690772677286, 1.102554911244918
16.099999999999717, 5.871681342146007, 1.088654923913825
16.10999999999972, 5.861779675222574, 1.0643079192954685
16.11999999999972, 5.838768697112561, 1.0577299852371478
16.129999999999722, 5.8330705064826684, 1.055002799898099
16.139999999999723, 5.8610836267939606, 1.018532569337921
16.149999999999725, 5.886103444320629, 0.9922137617046289
16.159999999999727, 5.887407938400397, 1.0037461784562727
16.169999999999728, 5.904215105047168, 0.96087659417047
16.17999999999973, 5.909564409720925, 0.9438108363214741
16.18999999999973, 5.898798988370201, 0.9407485098214573
16.199999999999733, 5.863183329892515, 0.9237376916532106
16.209999999999734, 5.842830802918235, 0.9329135691132854
16.219999999999736, 5.859619642143231, 0.9291414895715486
16.229999999999738, 5.847860785645786, 0.9060046859011021
16.23999999999974, 5.870474192103406, 0.8582699158775418
16.24999999999974, 5.894168849126745, 0.8683213740670027
16.259999999999742, 5.877293209435141, 0.8911352291726805
16.269999999999744, 5.880533375951791, 0.9283142737040679
16.279999999999745, 5.863673937654795, 0.9519464488143077
16.289999999999747, 5.857949940141086, 0.931045494986899
16.29999999999975, 5.852219842472099, 0.9308298564581817
16.30999999999975, 5.859491868384049, 0.9246206705369293
16.31999999999975, 5.875182755151443, 0.9208351606618403
16.329999999999753, 5.900175265456466, 0.9178261901625072
16.339999999999755, 5.874236382028183, 0.9240955674794127
16.349999999999756, 5.875052823465334, 0.9094267405467065
16.359999999999758, 5.868680298192863, 0.892687818466882
16.36999999999976, 5.858728662060366, 0.865389335637242
16.37999999999976, 5.863810038372081, 0.8653651496482558
16.389999999999763, 5.844604871054932, 0.8891655445548666
16.399999999999764, 5.827739115062212, 0.880701743369943
16.409999999999766, 5.814320723720821, 0.8770259842678494
16.419999999999767, 5.79395459029013, 0.8566983792375115
16.42999999999977, 5.777079680825693, 0.8476464264874948
16.43999999999977, 5.806740488109297, 0.8270003508519608
16.449999999999772, 5.810001839081937, 0.7911445570046136
16.459999999999773, 5.840973949589076, 0.8233151850816948
16.469999999999775, 5.824050368420208, 0.7967915641380664
16.479999999999777, 5.836432480090549, 0.7783285845379232
16.489999999999778, 5.816621642603792, 0.7700474011323084
16.49999999999978, 5.819858568857793, 0.7685146470499434
16.50999999999978, 5.811169874507613, 0.7856039741902523
16.519999999999783, 5.821454485586516, 0.7591692447817117
16.529999999999784, 5.861203652795185, 0.7333813448756946
16.539999999999786, 5.905244466799596, 0.7277387694748918
16.549999999999788, 5.912430139850704, 0.6856409584574961
16.55999999999979, 5.9419330595808235, 0.6779557996093755
16.56999999999979, 5.947158090103026, 0.6831068604743176
16.579999999999792, 5.97806475191593, 0.6599178089661254
16.589999999999794, 5.981228645182269, 0.6724153181931576
16.599999999999795, 5.945486658881385, 0.664610984100114
16.609999999999797, 5.958035021752107, 0.6972566492319616
16.6199999999998, 5.9678695685951695, 0.7199159825543788
16.6299999999998, 6.002905936871651, 0.7425181591089693
16.6399999999998, 6.00733943807774, 0.766100409423674
16.649999999999803, 6.0241601557374, 0.7946982451740238
16.659999999999805, 6.053125245507523, 0.8013670406463113
16.669999999999806, 6.091995394775919, 0.8465448512158563
16.679999999999808, 6.11443971721419, 0.8367159944538748
16.68999999999981, 6.085326330887907, 0.8202822482442728
16.69999999999981, 6.095212733029053, 0.8362505976365666
16.709999999999813, 6.108306180097189, 0.8159668132354476
16.719999999999814, 6.137931842182314, 0.8077067978212024
16.729999999999816, 6.150294867847357, 0.7893594213411503
16.739999999999817, 6.155321100702538, 0.7685469787236365
16.74999999999982, 6.18491718932881, 0.7917697354902448
16.75999999999982, 6.214449627862216, 0.7654992004656123
16.769999999999822, 6.2354023144273025, 0.7752916311966563
16.779999999999824, 6.252212296206357, 0.7835355863792578
16.789999999999825, 6.235268241254821, 0.7752349372280288
16.799999999999827, 6.227538415759213, 0.7519454739492097
16.809999999999828, 6.253000509044088, 0.7844414188563524
16.81999999999983, 6.28089109523082, 0.7520534845163991
16.82999999999983, 6.293449942740786, 0.7556586839417582
16.839999999999833, 6.274153722567065, 0.7718067578831179
16.849999999999834, 6.287195178179221, 0.7632290938090921
16.859999999999836, 6.251469833854375, 0.7407763793247951
16.869999999999838, 6.23776345711733, 0.7695881136085635
16.87999999999984, 6.235973882629229, 0.7979874200092424
16.88999999999984, 6.215542442651206, 0.7797148590481934
16.899999999999842, 6.2455057977177475, 0.7694388631673308
16.909999999999844, 6.226387817436719, 0.7745023619229295
16.919999999999845, 6.231635727468605, 0.7689376070100349
16.929999999999847, 6.236641672279718, 0.7217752396860856
16.93999999999985, 6.2178160383447825, 0.692528351328141
16.94999999999985, 6.230814102142837, 0.7020242589000971
16.95999999999985, 6.211491489579465, 0.6871783000717496
16.969999999999853, 6.227556233306636, 0.7100215155632537
16.979999999999855, 6.244318860265875, 0.6869205991756756
16.989999999999856, 6.257443358090531, 0.6766198125124655
16.999999999999858, 6.276034224601176, 0.6777698836474082
17.00999999999986, 6.2620831845055305, 0.7298863675202829
17.01999999999986, 6.279535329936787, 0.7374026953974034
17.029999999999863, 6.292688610277155, 0.7211714650664635
17.039999999999864, 6.295847800984581, 0.7073025277302313
17.049999999999866, 6.281416719866606, 0.6850292742769014
17.059999999999867, 6.304977235874261, 0.706880610820451
17.06999999999987, 6.305678923710079, 0.7060415925380853
17.07999999999987, 6.289445333134101, 0.7101999441798728
17.089999999999872, 6.263368824649361, 0.708519567633585
17.099999999999874, 6.268331996131118, 0.7260252710897098
17.109999999999875, 6.272723960930398, 0.7244468667723519
17.119999999999877, 6.2588057585004435, 0.7357680150376712
17.129999999999878, 6.293501263976486, 0.7544632855417872
17.13999999999988, 6.303329171492248, 0.7450248633707021
17.14999999999988, 6.304082367157634, 0.7574768167685725
17.159999999999883, 6.304787633656868, 0.7520127437007149
17.169999999999884, 6.29088311404967, 0.7757441346728132
17.179999999999886, 6.273929831099348, 0.763609159446903
17.189999999999888, 6.287100603935701, 0.762335426483164
17.19999999999989, 6.30457027443022, 0.7628123883117002
17.20999999999989, 6.284705306151062, 0.7428680175505017
17.219999999999892, 6.336375501629693, 0.7352393104088975
17.229999999999894, 6.346184577370877, 0.7273001680669473
17.239999999999895, 6.375656332764441, 0.7489551847425575
17.249999999999897, 6.334783993699239, 0.7607472641774277
17.2599999999999, 6.31169392339659, 0.7850930864769471
17.2699999999999, 6.318438676916416, 0.806542416074215
17.2799999999999, 6.3408418583737545, 0.8045783442436082
17.289999999999903, 6.355433850138923, 0.796789967332996
17.299999999999905, 6.377826814004179, 0.8251755782591796
17.309999999999906, 6.378595989578085, 0.8367215165317897
17.319999999999908, 6.385793950004507, 0.789431000877156
17.32999999999991, 6.396026092815078, 0.7815257424164402
17.33999999999991, 6.391901518298229, 0.7590849908031415
17.349999999999913, 6.408680855120844, 0.7536184247652569
17.359999999999914, 6.447415643156361, 0.7699831863605534
17.369999999999916, 6.435364291441389, 0.7620090043606516
17.379999999999917, 6.416536969434964, 0.7353940529821732
17.38999999999992, 6.430188386129384, 0.7809937553620918
17.39999999999992, 6.419305196005128, 0.7577766308029322
17.409999999999922, 6.407409114205989, 0.7641874693058344
17.419999999999924, 6.421082474034601, 0.7565732901884553
17.429999999999925, 6.442001773787915, 0.7312972866861144
17.439999999999927, 6.415915527160638, 0.7591517222323828
17.44999999999993, 6.428216593846715, 0.766025043086055
17.45999999999993, 6.426399494690574, 0.7629959828810974
17.46999999999993, 6.4307935156052105, 0.7612430339362297
17.479999999999933, 6.407620255568675, 0.7142347939094779
17.489999999999934, 6.41893670248906, 0.7381583949322041
17.499999999999936, 6.423314066884297, 0.7599415009609383
17.509999999999938, 6.435858060259245, 0.7417492764549919
17.51999999999994, 6.436588878797806, 0.7364265670682998
17.52999999999994, 6.446382868851741, 0.7141619904942382
17.539999999999942, 6.485082044937255, 0.7521826303234547
17.549999999999944, 6.498214189661184, 0.7756724614306592
17.559999999999945, 6.496567993771516, 0.7727027425442727
17.569999999999947, 6.554665093724631, 0.7556786953700744
17.57999999999995, 6.555329948199446, 0.7508128182802571
17.58999999999995, 6.5452329887593885, 0.7593572761013452
17.59999999999995, 6.543235103999608, 0.7585251642329521
17.609999999999953, 6.536720135336409, 0.7415849158663419
17.619999999999955, 6.554136166451053, 0.77059803042652
17.629999999999956, 6.540590623445808, 0.7854427654102552
17.639999999999958, 6.528703387644811, 0.7953871457635718
17.64999999999996, 6.526735375327118, 0.8066548068869202
17.65999999999996, 6.531727613339595, 0.8149847491360482
17.669999999999963, 6.55661758734035, 0.8067601862703093
17.679999999999964, 6.537482909064494, 0.7812476656436947
17.689999999999966, 6.581471425355483, 0.8046044059745732
17.699999999999967, 6.57753637720133, 0.8273287719792111
17.70999999999997, 6.5666646238933595, 0.8277939019801582
17.71999999999997, 6.594433152985091, 0.851009047546953
17.729999999999972, 6.5825772460469985, 0.8834146419354609
17.739999999999974, 6.634300897720864, 0.8630423397647092
17.749999999999975, 6.651110978013121, 0.8954314736579319
17.759999999999977, 6.666736674714725, 0.8752568439619914
17.76999999999998, 6.643610255120309, 0.8790928912582335
17.77999999999998, 6.634904020574242, 0.8522127853015902
17.78999999999998, 6.623051313755717, 0.8589184607608847
17.799999999999983, 6.604265337623311, 0.8834698950332182
17.809999999999985, 6.587337853028433, 0.8937949764461709
17.819999999999986, 6.599706143069029, 0.9059276205261957
17.829999999999988, 6.614331786406976, 0.8979483522627099
17.83999999999999, 6.645291276967852, 0.9495583133181767
17.84999999999999, 6.661468924753043, 0.9595534279606264
17.859999999999992, 6.644586306009034, 0.9875491576215047
17.869999999999994, 6.673600318554524, 0.9852988691060472
17.879999999999995, 6.632840222393986, 0.9792601458619353
17.889999999999997, 6.649719332200835, 0.9589459736106686
17.9, 6.630671001835178, 0.9664358862892927
17.91, 6.616362200798658, 0.9695142950475393
17.92, 6.6400609270128195, 0.9540023808362809
17.930000000000003, 6.6503656137295435, 0.948009356715985
17.940000000000005, 6.661806544504783, 0.9276366914321768
17.950000000000006, 6.67745118583015, 0.9371482697720706
17.960000000000008, 6.6941948180584605, 0.9779248767361883
17.97000000000001, 6.699513963763831, 0.9512957068200703
17.98000000000001, 6.695462092315085, 0.9154640315472745
17.990000000000013, 6.678517008167768, 0.913517370414092
18.000000000000014, 6.696514722561579, 0.9586718398752757
18.010000000000016, 6.709154587325347, 0.928829107696614
18.020000000000017, 6.731723440555329, 0.9266746888677903
18.03000000000002, 6.755387879685246, 0.938774033491958
18.04000000000002, 6.732363128067679, 0.9508408844695291
18.050000000000022, 6.720556204592224, 0.9720749448053095
18.060000000000024, 6.73810671561583, 0.9820249335486155
18.070000000000025, 6.7211971660812155, 0.952113690021848
18.080000000000027, 6.760090676467688, 0.9465070286810593
18.09000000000003, 6.772717658906274, 0.9560053863365388
18.10000000000003, 6.779947976549499, 0.9295073064866319
18.11000000000003, 6.796100627906122, 0.9568877765045842
18.120000000000033, 6.7701243054922315, 0.9340702660601516
18.130000000000035, 6.7733647202472405, 0.9792036155062315
18.140000000000036, 6.813149840823925, 0.9615994120293061
18.150000000000038, 6.830686216311449, 0.9798544317456256
18.16000000000004, 6.851704437276178, 0.9940991462500977
18.17000000000004, 6.881290844955677, 0.9832321446311753
18.180000000000042, 6.873620732619029, 1.0071184621273963
18.190000000000044, 6.874475986297973, 0.981525242331272
18.200000000000045, 6.881282997055661, 0.9894201385648579
18.210000000000047, 6.872622931762729, 1.0050931304640747
18.22000000000005, 6.882938058278397, 0.9862801241406869
18.23000000000005, 6.864207291901538, 0.9565049470498352
18.24000000000005, 6.8600182137805845, 0.9267739876799246
18.250000000000053, 6.883667800979784, 0.927479939743727
18.260000000000055, 6.895070964380315, 0.9091625626190782
18.270000000000056, 6.913734609843817, 0.9237474973723491
18.280000000000058, 6.912023040759723, 0.9468468782072523
18.29000000000006, 6.921911814172174, 0.941109268700223
18.30000000000006, 6.925139268085511, 0.955579000754157
18.310000000000063, 6.942659637772197, 0.9133208349448021
18.320000000000064, 6.947253178760318, 0.9050279092226857
18.330000000000066, 6.957488610081096, 0.8630054672734986
18.340000000000067, 6.940495690864903, 0.8510597385575311
18.35000000000007, 6.987851355387194, 0.83494003238891
18.36000000000007, 7.000953022837095, 0.8212393885219451
18.370000000000072, 6.993124431440259, 0.8321437053360671
18.380000000000074, 7.006087471536392, 0.8557815355944562
18.390000000000075, 7.011032925739148, 0.808902184172155
18.400000000000077, 7.028401525427621, 0.8065998314782961
18.41000000000008, 7.07568781063793, 0.8256972177895364
18.42000000000008, 7.119598172001791, 0.854901951434207
18.43000000000008, 7.102556680647176, 0.8534136887058833
18.440000000000083, 7.11915863763301, 0.8183281743101163
18.450000000000085, 7.110519573135351, 0.8133606059187563
18.460000000000086, 7.084350628115768, 0.835400491020022
18.470000000000088, 7.088164643760444, 0.8275907559472133
18.48000000000009, 7.088803091587284, 0.8657888937736444
18.49000000000009, 7.1182468945622555, 0.8583719704315452
18.500000000000092, 7.133755278394569, 0.8405786127594161
18.510000000000094, 7.150332861107904, 0.8087186865998397
18.520000000000095, 7.148754394735772, 0.8191714805570927
18.530000000000097, 7.159989008539313, 0.8115140696228802
18.5400000000001, 7.211524114679218, 0.8184279533503228
18.5500000000001, 7.197668880435744, 0.8088918387644456
18.5600000000001, 7.236260999247575, 0.8104674260063883
18.570000000000103, 7.219120383189755, 0.8180950421516348
18.580000000000105, 7.207092111539849, 0.8419969537069132
18.590000000000106, 7.190774312414791, 0.8102227964207593
18.600000000000108, 7.218486439063042, 0.7853282572333432
18.61000000000011, 7.216538402281413, 0.7929149294293548
18.62000000000011, 7.219487759778004, 0.794173283096635
18.630000000000113, 7.244753207068352, 0.7918728160736396
18.640000000000114, 7.2740460090319, 0.7841501901269987
18.650000000000116, 7.272183707849902, 0.7795343015508918
18.660000000000117, 7.311644856934768, 0.804140835173966
18.67000000000012, 7.301565259267519, 0.8196874044282886
18.68000000000012, 7.2994132280289215, 0.8447655184049494
18.690000000000122, 7.311821156818626, 0.8489903200456407
18.700000000000124, 7.334177865379772, 0.8391217775594263
18.710000000000125, 7.378008812622545, 0.8481572621213284
18.720000000000127, 7.405694574544257, 0.8776667117823519
18.73000000000013, 7.436453860544749, 0.8527457816248182
18.74000000000013, 7.434504188281178, 0.8354368652964129
18.75000000000013, 7.420567867065373, 0.810222879554213
18.760000000000133, 7.410244728674725, 0.7818991504670134
18.770000000000135, 7.453934848025828, 0.8067313934032817
18.780000000000136, 7.481503700334461, 0.8412756598500652
18.790000000000138, 7.465053576637539, 0.8654818117097767
18.80000000000014, 7.477415005936646, 0.843825309030314
18.81000000000014, 7.499677956216418, 0.8732148634996296
18.820000000000142, 7.5140416194218895, 0.8658125952239744
18.830000000000144, 7.561205939857368, 0.8648494962262092
18.840000000000146, 7.585830525059038, 0.830399444426905
18.850000000000147, 7.595318545452512, 0.8236375759800026
18.86000000000015, 7.577945993339242, 0.817051366896094
18.87000000000015, 7.598510131488714, 0.8288856211256024
18.88000000000015, 7.594930745795696, 0.8534044621657942
18.890000000000153, 7.598525597286885, 0.8490318701298932
18.900000000000155, 7.586167324304109, 0.8734304172231353
18.910000000000156, 7.586615042765981, 0.8727290604151899
18.920000000000158, 7.593094551187848, 0.8910667120804613
18.93000000000016, 7.605896960581405, 0.9195977000372596
18.94000000000016, 7.595666693441607, 0.9277575676995248
18.950000000000163, 7.596684277081354, 0.9022940250198964
18.960000000000164, 7.625976344927231, 0.876994140414537
18.970000000000166, 7.605233420732197, 0.8599027105475663
18.980000000000167, 7.586121478732937, 0.9128663948184196
18.99000000000017, 7.609548685793841, 0.8938308269268288
19.00000000000017, 7.594918584986449, 0.886189809017518
19.010000000000172, 7.60451872790678, 0.9086121975256242
19.020000000000174, 7.584451977847303, 0.9011941370582881
19.030000000000175, 7.569852701904741, 0.9304488648792819
19.040000000000177, 7.590651363023039, 0.9373486645601251
19.05000000000018, 7.629267551742457, 0.9611807895684644
19.06000000000018, 7.6322955362264775, 0.980883871776512
19.07000000000018, 7.649681136823892, 1.0138217744537361
19.080000000000183, 7.652831747307577, 0.9940380708362112
19.090000000000185, 7.682338502866984, 0.9688050086070343
19.100000000000186, 7.7172323672364, 0.9522179940426484
19.110000000000188, 7.720564756066069, 0.9907079511220167
19.12000000000019, 7.710409658227914, 0.9771698945869993
19.13000000000019, 7.674554572057097, 0.974972301954943
19.140000000000192, 7.696952453788601, 0.9606881713117918
19.150000000000194, 7.683100315267297, 0.9897725515309531
19.160000000000196, 7.666047937459148, 0.9874320001962021
19.170000000000197, 7.6703732881658535, 0.9750860555271091
19.1800000000002, 7.680488538532687, 0.9660978884725028
19.1900000000002, 7.674515117814562, 0.965397662493062
19.200000000000202, 7.655091155188149, 0.974267915968521
19.210000000000203, 7.688889714942948, 0.9696469515712645
19.220000000000205, 7.668894388575227, 0.9917052295348276
19.230000000000206, 7.674046352197821, 0.9865183095802647
19.240000000000208, 7.680697581327316, 0.9838123112773423
19.25000000000021, 7.708469555963196, 0.995461915370799
19.26000000000021, 7.6921835053622765, 1.011989479023167
19.270000000000213, 7.743810244545106, 1.0070306622975684
19.280000000000214, 7.717680675751325, 0.9603081598031697
19.290000000000216, 7.7135900593754165, 0.955908912416965
19.300000000000217, 7.720159253024516, 0.9678228489332729
19.31000000000022, 7.737953111560668, 0.9921396744896332
19.32000000000022, 7.760351322146173, 1.000057975401884
19.330000000000222, 7.750193811098345, 0.9877994161162987
19.340000000000224, 7.751243221842294, 0.9651256103671763
19.350000000000225, 7.752243137249919, 0.9578448454846484
19.360000000000227, 7.777507777549434, 0.980233054932414
19.37000000000023, 7.793448017229011, 0.9671788044899539
19.38000000000023, 7.7813767014009985, 0.9599198347814606
19.39000000000023, 7.7613009165532105, 0.9712756536741131
19.400000000000233, 7.753384567609476, 1.0004200996172057
19.410000000000235, 7.737085418562976, 1.0255307216740248
19.420000000000236, 7.740552662069416, 1.0109904272452501
19.430000000000238, 7.745469101477284, 1.034586220499
19.44000000000024, 7.7255683764373115, 1.0453017038079775
19.45000000000024, 7.7239307156647214, 1.0527935065470266
19.460000000000242, 7.697889099185251, 1.0754562676027273
19.470000000000244, 7.683535711456562, 1.0742207514956519
19.480000000000246, 7.712497149590486, 1.1016473168322753
19.490000000000247, 7.7227943925425375, 1.1021576233004446
19.50000000000025, 7.733090398456988, 1.1053556749067748
19.51000000000025, 7.730877475342749, 1.1085406026055284
19.520000000000252, 7.726829434023744, 1.0898204167003656
19.530000000000253, 7.757448522913702, 1.081847102198251
19.540000000000255, 7.788395254015437, 1.0566043152856472
19.550000000000257, 7.818946385883062, 1.0383888811266773
19.560000000000258, 7.800077349630034, 1.0391493330703687
19.57000000000026, 7.817494631131269, 1.0169395018823415
19.58000000000026, 7.852096749664148, 0.9991065143517925
19.590000000000263, 7.841879283302194, 1.0323590628584773
19.600000000000264, 7.8858038500010705, 1.0420686559936716
19.610000000000266, 7.916280376610018, 1.0429403292684627
19.620000000000267, 7.92640100259601, 1.035185596751496
19.63000000000027, 7.96597232697565, 1.0326715653001393
19.64000000000027, 7.9469953532154936, 1.0787836382239782
19.650000000000272, 7.9615271184771395, 1.0709158707735995
19.660000000000274, 7.977044636046453, 1.0681467756706073
19.670000000000275, 7.999341318710305, 1.0768291932439786
19.680000000000277, 8.012954775223868, 1.07442480730907
19.69000000000028, 8.013908133484469, 1.0872081396550906
19.70000000000028, 8.019083763394029, 1.0691793818459348
19.71000000000028, 8.020018226716424, 1.0705544584942919
19.720000000000283, 7.993870244771742, 1.0793266345956951
19.730000000000285, 7.979909303510726, 1.0745439891057884
19.740000000000286, 7.975593144300096, 1.1083008372482388
19.750000000000288, 7.963728320271929, 1.0858017915852638
19.76000000000029, 7.968690186510443, 1.1074638629758093
19.77000000000029, 7.951734559920179, 1.116737169136728
19.780000000000292, 7.96856500039473, 1.12286298653461
19.790000000000294, 8.007429465823233, 1.1324948162291961
19.800000000000296, 7.995441075314056, 1.135825317669003
19.810000000000297, 7.972413836555119, 1.1099724346150548
19.8200000000003, 7.9536218560117655, 1.1071604659787342
19.8300000000003, 7.956783307110642, 1.131389494121824
19.840000000000302, 7.937714415793418, 1.101656354726837
19.850000000000303, 7.940871150792769, 1.085488055723664
19.860000000000305, 7.933389992301705, 1.0752182626389877
19.870000000000307, 7.9319172422157775, 1.0460723524671829
19.880000000000308, 7.94848701312755, 1.028416949177566
19.89000000000031, 7.93644438382381, 1.010971149163544
19.90000000000031, 7.92536134267853, 0.9863922337995643
19.910000000000313, 7.911197811942067, 1.0035078413668879
19.920000000000314, 7.899125378151363, 1.0012394702263658
19.930000000000316, 7.90244145178059, 0.9870333239457155
19.940000000000317, 7.892150444581596, 0.9802657909352295
19.95000000000032, 7.8929410868266805, 0.9756992038983239
19.96000000000032, 7.89790729502477, 0.9750100284696496
19.970000000000322, 7.877174763988447, 0.9749962537146688
19.980000000000324, 7.892505074550263, 0.9632171089159884
19.990000000000325, 7.903570130437523, 0.9968106335633983
20.000000000000327, 7.884061546115967, 0.9722654290261806
20.01000000000033, 7.893636177289367, 0.9677430539424847
20.02000000000033, 7.900508760003497, 0.9393921934515056
20.03000000000033, 7.900890828705456, 0.981842983765716
20.040000000000333, 7.8714620861282105, 0.9664993861896178
20.050000000000335, 7.859315216630516, 0.9656607880152629
20.060000000000336, 7.8402456749021745, 0.9635694418241245
20.070000000000338, 7.85255867340677, 0.9614435427398308
20.08000000000034, 7.81143898882679, 0.9392195458639712
20.09000000000034, 7.8450537703407, 0.9477078588602902
20.100000000000342, 7.86713454357496, 0.9220745689798849
20.110000000000344, 7.889116702808048, 0.910690412556879
20.120000000000346, 7.891842155949175, 0.9226161653430891
20.130000000000347, 7.9301730140369155, 0.9300994861463739
20.14000000000035, 7.977114253707986, 0.9834478016694669
20.15000000000035, 7.959812366601119, 0.9851181852967354
20.160000000000352, 7.9644982746632484, 0.9913400278786435
20.170000000000353, 7.986716149781659, 0.9869191811624054
20.180000000000355, 8.007322371562616, 0.977598770873575
20.190000000000357, 8.017153386026425, 0.9975728536709736
20.200000000000358, 8.00935741797325, 1.0220087380477128
20.21000000000036, 8.004865429126355, 1.0102015299742828
20.22000000000036, 8.008104224634451, 0.9972249807955017
20.230000000000363, 7.993383728149023, 1.005297067713764
20.240000000000364, 7.98122723759663, 0.9926152841663843
20.250000000000366, 7.985912592443142, 0.9976983146295855
20.260000000000367, 7.978155945728978, 1.0161336583138043
20.27000000000037, 7.9947208589487495, 1.0362189845213527
20.28000000000037, 7.99805300978399, 1.017186565950184
20.290000000000372, 7.956953556521822, 1.0286593774971098
20.300000000000374, 7.961774300064918, 1.0704969577279064
20.310000000000375, 7.968869601262777, 1.0353740158130693
20.320000000000377, 7.986173915143316, 1.0305271396706663
20.33000000000038, 8.002082469450057, 1.042984492796198
20.34000000000038, 8.03661947895812, 1.0548876926116617
20.35000000000038, 8.034652887834168, 1.0304972098576253
20.360000000000383, 8.024361445359622, 1.0419504476219286
20.370000000000385, 8.028072252044021, 1.0255871053702572
20.380000000000386, 8.010857602568889, 1.0590375211756349
20.390000000000388, 8.04954973437332, 1.0719764105976204
20.40000000000039, 8.059267292650482, 1.1136419789492202
20.41000000000039, 8.048374369821477, 1.1211543572024996
20.420000000000393, 8.046097539162588, 1.1315438035837142
20.430000000000394, 8.071589047101625, 1.176810731250722
20.440000000000396, 8.05256641435838, 1.1885387914599306
20.450000000000397, 8.068792431738611, 1.1796533226979535
20.4600000000004, 8.10392602654791, 1.168575264332424
20.4700000000004, 8.155693330440856, 1.1720440421204366
20.480000000000402, 8.173240741788765, 1.2050412245009405
20.490000000000403, 8.132519057254349, 1.157028844681222
20.500000000000405, 8.13361625624724, 1.1729932181654874
20.510000000000407, 8.172525968764335, 1.224349431480295
20.520000000000408, 8.198136154664077, 1.244658748536936
20.53000000000041, 8.227797700470727, 1.2327797317538178
20.54000000000041, 8.226150872197124, 1.2153748200820291
20.550000000000413, 8.214421302077755, 1.2061596179960652
20.560000000000414, 8.21226401066666, 1.1871706734954102
20.570000000000416, 8.215874585459552, 1.1745125853250273
20.580000000000418, 8.22051551032466, 1.166103581194681
20.59000000000042, 8.232875423401715, 1.1771106296151406
20.60000000000042, 8.237351238018562, 1.1860868742589508
20.610000000000422, 8.233512075296456, 1.1837531093937235
20.620000000000424, 8.219197874087953, 1.2059563621273641
20.630000000000425, 8.229165860467495, 1.2120130025629174
20.640000000000427, 8.257060693427556, 1.2033837568154737
20.65000000000043, 8.243477967738865, 1.1945795622303759
20.66000000000043, 8.273522601531226, 1.1854187766947935
20.67000000000043, 8.278003889385165, 1.1618086858247956
20.680000000000433, 8.28515651291369, 1.1781161843995087
20.690000000000435, 8.244346344209507, 1.1883197195008584
20.700000000000436, 8.25117671579287, 1.205163103528229
20.710000000000438, 8.23942879594576, 1.198827458923732
20.72000000000044, 8.273443212417144, 1.2128113505765297
20.73000000000044, 8.271771466986777, 1.2362314840876185
20.740000000000443, 8.255732537041387, 1.2116806983675434
20.750000000000444, 8.236570344703669, 1.1944794865850799
20.760000000000446, 8.241905286308251, 1.2154626710482366
20.770000000000447, 8.300161077960471, 1.243246930675008
20.78000000000045, 8.303463983568617, 1.2363070965418255
20.79000000000045, 8.313845237601129, 1.2248192814941758
20.800000000000452, 8.317173786960913, 1.2398782115923443
20.810000000000453, 8.322324671848452, 1.2152817838784145
20.820000000000455, 8.323190861256384, 1.221340964881819
20.830000000000457, 8.297284654159249, 1.184934565300057
20.840000000000458, 8.34473593471057, 1.1683218715072368
20.85000000000046, 8.37971535164586, 1.166685836819006
20.86000000000046, 8.369569013759397, 1.170692120151122
20.870000000000463, 8.367223204427374, 1.1792900818673828
20.880000000000464, 8.374370302175704, 1.2205065311584573
20.890000000000466, 8.365981174526853, 1.242890165218446
20.900000000000468, 8.35966434940889, 1.2121361916213704
20.91000000000047, 8.376562148297525, 1.1964415731485967
20.92000000000047, 8.404486233042379, 1.2041140252576603
20.930000000000472, 8.400627600166484, 1.2141791720634822
20.940000000000474, 8.41056324372962, 1.1933925918948463
20.950000000000475, 8.39667746971552, 1.2221109416062705
20.960000000000477, 8.420414105834165, 1.225229433206178
20.97000000000048, 8.450044890368892, 1.2062271493191838
20.98000000000048, 8.459926311811952, 1.2099931506635082
20.99000000000048, 8.452232075405187, 1.184175569647124
21.000000000000483, 8.450322356743206, 1.1897560503198645
21.010000000000485, 8.433291307298717, 1.196959355617484
21.020000000000486, 8.445617283570089, 1.1918576216775365
21.030000000000488, 8.462363020613546, 1.2298102408083342
21.04000000000049, 8.509887997972838, 1.2475337616923217
21.05000000000049, 8.49565259332874, 1.2137543651631764
21.060000000000493, 8.472535731889531, 1.2080766073945362
21.070000000000494, 8.50206522014647, 1.202426423761474
21.080000000000496, 8.494544029682181, 1.1976338348359448
21.090000000000497, 8.55257462265089, 1.21271016276935
21.1000000000005, 8.56505349084466, 1.207596973371614
21.1100000000005, 8.5630440679297, 1.1851925024755836
21.120000000000502, 8.597142624546631, 1.16090985768661
21.130000000000503, 8.620235953324585, 1.1744093479610518
21.140000000000505, 8.598338203130705, 1.1550763027546367
21.150000000000507, 8.613813735008623, 1.18771887751132
21.160000000000508, 8.63339837556757, 1.1654356362443503
21.17000000000051, 8.64307133786439, 1.1574054536880611
21.18000000000051, 8.620128709879667, 1.1272073429098517
21.190000000000513, 8.623393444725238, 1.1435417113510224
21.200000000000514, 8.64809769950913, 1.1453807455806457
21.210000000000516, 8.671684630053294, 1.170166917537078
21.220000000000518, 8.643434639540713, 1.1563536365315181
21.23000000000052, 8.646892689257273, 1.1763018444594784
21.24000000000052, 8.639480957033388, 1.187271886595245
21.250000000000522, 8.634910642172702, 1.1682265748866387
21.260000000000524, 8.646258334693405, 1.1902560439384926
21.270000000000525, 8.642335921132373, 1.2132500544454807
21.280000000000527, 8.637318416073267, 1.25371969204325
