time, x, y
0.0, -0.030924220879355802, -0.003934913840090785
0.01, -0.05227729577768324, 0.03223517221814717
0.02, -0.051385909886566626, 0.05803242451084807
0.03, -0.07063408066124403, 0.06574982332319364
0.04, -0.05915308740986129, 0.06432936794109331
0.05, -0.051548953363484175, 0.05473121911202669
0.060000000000000005, -0.04990138531853349, 0.0873287793640315
0.07, -0.048201293726670855, 0.13256109350335216
0.08, -0.04591994174184123, 0.13108948082027297
0.09, -0.02029574068827347, 0.09968624021225878
0.09999999999999999, 0.002928586562466827, 0.1264732155177509
0.10999999999999999, 0.017493155967464234, 0.15904364400281837
0.11999999999999998, 0.022027075799691098, 0.13641540288703796
0.12999999999999998, -8.401116196353475e-05, 0.17399801121085934
0.13999999999999999, 0.0016806573520088876, 0.184334935943579
0.15, -0.002245924431535343, 0.20985385353475194
0.16, -0.0011743594577668676, 0.18875001739907393
0.17, -0.0220943635507263, 0.19323768686740198
0.18000000000000002, -0.03619814120183452, 0.22564441017312928
0.19000000000000003, -0.01457453264323378, 0.24190025023474623
0.20000000000000004, -0.02069234706591313, 0.25510390982529924
0.21000000000000005, -0.02677603535916622, 0.21183523672498256
0.22000000000000006, 0.015207006361766244, 0.206279659063495
0.23000000000000007, -0.006031287407604585, 0.19314407540505085
0.24000000000000007, -0.012375935478042919, 0.19163737542217202
0.25000000000000006, 0.01610175071296202, 0.1816116421827413
0.26000000000000006, 0.030048191803091942, 0.22679429056108164
0.2700000000000001, 0.044744253247060196, 0.2312571653427709
0.2800000000000001, 0.06356836996555587, 0.1998333286483107
0.2900000000000001, 0.06809214329608554, 0.18148050097808577
0.3000000000000001, 0.05579312693520133, 0.18012882495786564
0.3100000000000001, 0.049639269502769465, 0.158127632454203
0.3200000000000001, 0.06484912364926482, 0.1734869375065396
0.3300000000000001, 0.06649537655134721, 0.20088047871152365
0.34000000000000014, 0.12240193590104004, 0.19288572546700697
0.35000000000000014, 0.13617050074583134, 0.18763691130698307
0.36000000000000015, 0.11071604685006116, 0.2145533026080623
0.37000000000000016, 0.12301679804755436, 0.20371662636453988
0.38000000000000017, 0.14558880945134584, 0.20882343133183576
0.3900000000000002, 0.17111107474663748, 0.183717471983043
0.4000000000000002, 0.17540544568140337, 0.22061024670588025
0.4100000000000002, 0.22041188300954953, 0.2767425322119873
0.4200000000000002, 0.2312069153480727, 0.2577741039479766
0.4300000000000002, 0.21526161085329829, 0.28540506958919337
0.4400000000000002, 0.19594989477217445, 0.27134250943508126
0.45000000000000023, 0.1527657948771175, 0.26734560126331064
0.46000000000000024, 0.10966114915074393, 0.26599549372101694
0.47000000000000025, 0.11067554182794302, 0.3111939831211531
0.48000000000000026, 0.1385320755243934, 0.36059332902957797
0.49000000000000027, 0.1432222127933914, 0.359307882726243
0.5000000000000002, 0.1799249490936048, 0.34694328051652695
0.5100000000000002, 0.17385189957089567, 0.33486947032143416
0.5200000000000002, 0.1815319887369704, 0.3536048209172133
0.5300000000000002, 0.1708765122664999, 0.368163998287751
0.5400000000000003, 0.18546536977795414, 0.40558789351065
0.5500000000000003, 0.18732921443995648, 0.40644469508193765
0.5600000000000003, 0.17754068165670872, 0.3904191781506862
0.5700000000000003, 0.17123515408347786, 0.42201010965077523
0.5800000000000003, 0.17598703163968746, 0.40610346117279356
0.5900000000000003, 0.17216367145619893, 0.43332982166708983
0.6000000000000003, 0.20902747969118265, 0.4316222216344678
0.6100000000000003, 0.20770294411546267, 0.4061316192632143
0.6200000000000003, 0.18681120265241274, 0.38945274843884026
0.6300000000000003, 0.20711274277537947, 0.42686423497628007
0.6400000000000003, 0.21810546059936534, 0.4075713620449693
0.6500000000000004, 0.20230487473970682, 0.3864978659166028
0.6600000000000004, 0.23989433143597336, 0.3649516416111995
0.6700000000000004, 0.24084505978207232, 0.377390538071264
0.6800000000000004, 0.21259081631329765, 0.3882676841860376
0.6900000000000004, 0.19426545824498095, 0.38677123753532067
0.7000000000000004, 0.17287587387445463, 0.37598408459656546
0.7100000000000004, 0.19173941771703454, 0.3903703448788627
0.7200000000000004, 0.19041984213287758, 0.37621092060279016
0.7300000000000004, 0.17643293182316644, 0.41277721806772777
0.7400000000000004, 0.16456739257678557, 0.4026690581509495
0.7500000000000004, 0.16075890502809198, 0.43420741717620737
0.7600000000000005, 0.1935306079827732, 0.4276412262569197
0.7700000000000005, 0.1814703738302385, 0.4210323581977397
0.7800000000000005, 0.18051097505669372, 0.4464226507284659
0.7900000000000005, 0.1769365071882988, 0.4739367509930942
0.8000000000000005, 0.1559236989998539, 0.4721773841441269
0.8100000000000005, 0.20146860373875392, 0.49324907639170656
0.8200000000000005, 0.2250386610085457, 0.4830108453572061
0.8300000000000005, 0.21986989175905708, 0.5246020739386992
0.8400000000000005, 0.2247548208962419, 0.5801920635363705
0.8500000000000005, 0.26271146795769507, 0.5736115350275542
0.8600000000000005, 0.25662936500265104, 0.6184491762826129
0.8700000000000006, 0.2899308198887147, 0.608303367526385
0.8800000000000006, 0.2892998030303018, 0.6407421827971509
0.8900000000000006, 0.29147151122887854, 0.6555384929802109
0.9000000000000006, 0.3192699961142516, 0.6696254609793282
0.9100000000000006, 0.32195635942123285, 0.6715201927458234
0.9200000000000006, 0.3344359041172519, 0.6331121775344415
0.9300000000000006, 0.3393367804965439, 0.6337512239699736
0.9400000000000006, 0.33427438561332656, 0.6247395908451825
0.9500000000000006, 0.3422455624418185, 0.6017548157657888
0.9600000000000006, 0.35710062627074257, 0.5978760168595204
0.9700000000000006, 0.3601213517966692, 0.6263856413813045
0.9800000000000006, 0.35236911936650694, 0.6164580583250046
0.9900000000000007, 0.3272963066492183, 0.612039479920064
1.0000000000000007, 0.3553629790666731, 0.6241027024299186
1.0100000000000007, 0.37092396527982685, 0.5984755663978653
1.0200000000000007, 0.3280692986042333, 0.5996213752767156
1.0300000000000007, 0.2853098453086002, 0.59785673864501
1.0400000000000007, 0.3014326890624682, 0.6247914107578084
1.0500000000000007, 0.2859399143421814, 0.6257064162185009
1.0600000000000007, 0.27214296288971623, 0.6238323646924716
1.0700000000000007, 0.2565071415427022, 0.6599894970103082
1.0800000000000007, 0.2662459988484051, 0.6643516453183884
1.0900000000000007, 0.2628089020843243, 0.7012649038618791
1.1000000000000008, 0.27109612929614757, 0.7051045760963642
1.1100000000000008, 0.3092479265000804, 0.6730362575658188
1.1200000000000008, 0.3330101946428819, 0.6734655332843479
1.1300000000000008, 0.31197407598206095, 0.6668816830955226
1.1400000000000008, 0.31129940730679295, 0.6502934729520812
1.1500000000000008, 0.28639095378650614, 0.6435223144738328
1.1600000000000008, 0.27279356750139466, 0.6246413670202504
1.1700000000000008, 0.267843455868232, 0.6121187039341016
1.1800000000000008, 0.31009653680636806, 0.6491775748016742
1.1900000000000008, 0.3392528652713289, 0.6377916196913761
1.2000000000000008, 0.3499752007599914, 0.6335026354499593
1.2100000000000009, 0.37866704683094876, 0.6267430752336918
1.2200000000000009, 0.40762646166481, 0.607350691901648
1.2300000000000009, 0.37638936430101927, 0.6196167079463921
1.2400000000000009, 0.3998852737717803, 0.6461237153454075
1.2500000000000009, 0.40234474569486134, 0.6420727789723117
1.260000000000001, 0.3987505268885066, 0.6408432239367853
1.270000000000001, 0.3828911704516944, 0.6451624338705426
1.280000000000001, 0.4105501679274277, 0.628802459476914
1.290000000000001, 0.4253259484973193, 0.6247084466779269
1.300000000000001, 0.440049783516742, 0.6391894213468302
1.310000000000001, 0.4181232269329249, 0.6467239070501831
1.320000000000001, 0.4196473339675946, 0.6830991112437547
1.330000000000001, 0.44865329358839584, 0.657539328569915
1.340000000000001, 0.5047350389153878, 0.6559149529762327
1.350000000000001, 0.5002700570010604, 0.701122452872664
1.360000000000001, 0.5143209970469977, 0.7086361800360501
1.370000000000001, 0.49528658333796666, 0.6998589632428361
1.380000000000001, 0.503077143437727, 0.7363534343390772
1.390000000000001, 0.5316779295789329, 0.7383543259642972
1.400000000000001, 0.5276885446787637, 0.7707222954516945
1.410000000000001, 0.5399613710593955, 0.7694549385725661
1.420000000000001, 0.5302487240609904, 0.7526525706996684
1.430000000000001, 0.5679631218710505, 0.768910516267181
1.440000000000001, 0.5954968230839947, 0.7840506631988532
1.450000000000001, 0.6001554028285786, 0.773239260391805
1.460000000000001, 0.6275399294749677, 0.7565949380621577
1.470000000000001, 0.6288123326511685, 0.7597034803283241
1.480000000000001, 0.6554922540587443, 0.755948393431424
1.490000000000001, 0.6756737023901086, 0.7589016061252148
1.500000000000001, 0.6907582621083473, 0.7526633469723204
1.5100000000000011, 0.7028788658754587, 0.7609612923836001
1.5200000000000011, 0.6883779951156704, 0.7929501309107151
1.5300000000000011, 0.6846231027207828, 0.7710383198483802
1.5400000000000011, 0.6889791509002592, 0.7670835345610374
1.5500000000000012, 0.6677695313271709, 0.7682549486135053
1.5600000000000012, 0.6666160547487202, 0.7518214732649843
1.5700000000000012, 0.6941830146116899, 0.7140974535089779
1.5800000000000012, 0.7211110818737527, 0.7090678900540096
1.5900000000000012, 0.7251747914795871, 0.6716131305831432
1.6000000000000012, 0.7322161393035207, 0.688628465338962
1.6100000000000012, 0.7124439550837824, 0.6922136132745352
1.6200000000000012, 0.7129316508485679, 0.7302050509090207
1.6300000000000012, 0.6871881474686673, 0.7323061308624944
1.6400000000000012, 0.6658819768102772, 0.7099613956048859
1.6500000000000012, 0.6525099408668711, 0.6882087264124332
1.6600000000000013, 0.656728531619237, 0.6870775079495002
1.6700000000000013, 0.6609412467905197, 0.6982536086785948
1.6800000000000013, 0.6564711463764026, 0.7258831102982619
1.6900000000000013, 0.6524249913519816, 0.7475369562136828
1.7000000000000013, 0.6736906836328788, 0.7462505105892112
1.7100000000000013, 0.6811085045617113, 0.7629321839572412
1.7200000000000013, 0.694821349272619, 0.7751531600218408
1.7300000000000013, 0.6955688873149719, 0.7673354276185339
1.7400000000000013, 0.6975580347021474, 0.768567246374638
1.7500000000000013, 0.7119273116012473, 0.725763413440098
1.7600000000000013, 0.6894636337362094, 0.782086186661861
1.7700000000000014, 0.6752291104088338, 0.8024514771289621
1.7800000000000014, 0.6710185080285467, 0.7815289084905429
1.7900000000000014, 0.6861846520917739, 0.7844559221024179
1.8000000000000014, 0.7013119395997529, 0.765430328332056
1.8100000000000014, 0.713070741567502, 0.7765315092604471
1.8200000000000014, 0.7064944780600032, 0.7817669085840095
1.8300000000000014, 0.7340228445524765, 0.7964837412427669
1.8400000000000014, 0.7483556883154421, 0.7991423442977774
1.8500000000000014, 0.7438948739269577, 0.8128444053243384
1.8600000000000014, 0.7122774409285183, 0.8144270406657621
1.8700000000000014, 0.7266215955812124, 0.7935825372351133
1.8800000000000014, 0.7409630346202901, 0.771189891553358
1.8900000000000015, 0.6975473309362681, 0.7993055890319934
1.9000000000000015, 0.7241335003915211, 0.8109548829691796
1.9100000000000015, 0.7442610954971306, 0.7950680883130901
1.9200000000000015, 0.7298917508157949, 0.7813176085025512
1.9300000000000015, 0.7399607993005849, 0.7774709455025647
1.9400000000000015, 0.7476464591835689, 0.8196338448311913
1.9500000000000015, 0.7459503733296251, 0.8157343753618883
1.9600000000000015, 0.7412231744215022, 0.8312672530840488
1.9700000000000015, 0.7612244791912671, 0.7935442436371996
1.9800000000000015, 0.7449604110938686, 0.8019450241108119
1.9900000000000015, 0.7813009692323927, 0.7881774992669498
2.0000000000000013, 0.8095574630512713, 0.8118890466187267
2.010000000000001, 0.836374281345265, 0.8269537300674955
2.020000000000001, 0.8641990368569866, 0.8134094882765738
2.0300000000000007, 0.8352580606955908, 0.8465676326361512
2.0400000000000005, 0.8714094226453784, 0.821679814869144
2.0500000000000003, 0.8692484032951484, 0.8213108631794898
2.06, 0.8715871842421578, 0.8174730142438662
2.07, 0.8800381933655413, 0.8118134609702878
2.0799999999999996, 0.8652002685089762, 0.8289626505096259
2.0899999999999994, 0.8932604987342321, 0.8231275606749696
2.099999999999999, 0.9290273896531329, 0.8512247330359723
2.109999999999999, 0.9405440655613243, 0.8267111400346538
2.1199999999999988, 0.9234567772792424, 0.8022272173382676
2.1299999999999986, 0.9093870021959402, 0.7839358717322944
2.1399999999999983, 0.9114311799496218, 0.7924362351105398
2.149999999999998, 0.9050497999631881, 0.7792230325858838
2.159999999999998, 0.8898308544081505, 0.7945656764603157
2.1699999999999977, 0.873064470013346, 0.7794474965057732
2.1799999999999975, 0.9097233264569519, 0.7762090810101538
2.1899999999999973, 0.9100258691654566, 0.7851216896073695
2.199999999999997, 0.8983227227237807, 0.8226117290176282
2.209999999999997, 0.9292130378813137, 0.8489121543285325
2.2199999999999966, 0.9556520851381078, 0.854231979745417
2.2299999999999964, 0.9912397862956915, 0.8120336294934234
2.239999999999996, 1.012641352094178, 0.8334151435785804
2.249999999999996, 1.025795315743942, 0.8509534084728697
2.259999999999996, 1.0113837474146283, 0.8359585867395807
2.2699999999999956, 0.990907237376818, 0.8490501248235556
2.2799999999999954, 0.9756795309362902, 0.8727239430664345
2.289999999999995, 0.9792207639416254, 0.8893481921185962
2.299999999999995, 0.9935289297895874, 0.9066390750418474
2.3099999999999947, 1.0377532640338594, 0.9208769454966466
2.3199999999999945, 1.0235255475322886, 0.9294904367582476
2.3299999999999943, 1.0549918772896099, 0.9223561558823806
2.339999999999994, 1.0523167268709976, 0.9511405569618862
2.349999999999994, 1.0656780121800427, 0.9678450865271933
2.3599999999999937, 1.052301988011318, 0.9374377311943872
2.3699999999999934, 1.060299763603082, 0.9227184029082879
2.3799999999999932, 1.0406360666674432, 0.9196204373057769
2.389999999999993, 1.0627252055489684, 0.9166740755745593
2.399999999999993, 1.0457071238714215, 0.9410173809764747
2.4099999999999926, 1.0469653572707103, 0.9429209244864001
2.4199999999999924, 1.02665145875867, 0.9377563452627246
2.429999999999992, 1.0413712149665844, 0.9643236489507013
2.439999999999992, 1.0606779611296417, 0.992505581967021
2.4499999999999917, 1.1155963499182198, 0.9803048534999292
2.4599999999999915, 1.1262229955431495, 0.9915552176047451
2.4699999999999913, 1.1203364883419786, 0.9887588323814096
2.479999999999991, 1.1102862954081247, 1.012573514062943
2.489999999999991, 1.0970155158565418, 1.027499670023295
2.4999999999999907, 1.1233218734065196, 1.0070963911943813
2.5099999999999905, 1.1247958227374901, 1.0091750423881893
2.5199999999999902, 1.1042792392446483, 1.0335283969317275
2.52999999999999, 1.0901133779714487, 1.0547781808981864
2.53999999999999, 1.1036822872742642, 1.0586209097996462
2.5499999999999896, 1.122885952543876, 1.0281066489370154
2.5599999999999894, 1.126189115494289, 1.0281185538690572
2.569999999999989, 1.1577616795373362, 1.0315430509220327
2.579999999999989, 1.1371473511711392, 1.0559754760383888
2.5899999999999888, 1.1469129388825183, 1.0408941022348905
2.5999999999999885, 1.141753592230223, 1.0405605381352319
2.6099999999999883, 1.1366274624861197, 1.025927490065949
2.619999999999988, 1.151742246762536, 1.0390313248742171
2.629999999999988, 1.1394297201372836, 1.0615688038324655
2.6399999999999877, 1.1474044993922623, 1.095400812178365
2.6499999999999875, 1.1306011040124553, 1.095318972509052
2.6599999999999873, 1.1791035540927572, 1.1456614334761186
2.669999999999987, 1.2105429331637594, 1.1379111807102322
2.679999999999987, 1.218363890205356, 1.1413971798640796
2.6899999999999866, 1.202897930321535, 1.1790910084286452
2.6999999999999864, 1.2301913454206148, 1.1547343096373885
2.709999999999986, 1.2475134696612287, 1.1449505296989344
2.719999999999986, 1.2568673846741643, 1.1447628204066158
2.7299999999999858, 1.2829158593651602, 1.1955630999540097
2.7399999999999856, 1.2671791573254096, 1.2170459900025843
2.7499999999999853, 1.2618352463978162, 1.2072523565852105
2.759999999999985, 1.2712582647603858, 1.2339629980203395
2.769999999999985, 1.2775579099024539, 1.2634354917834028
2.7799999999999847, 1.2897200039744605, 1.2657802407389953
2.7899999999999845, 1.2869612458162618, 1.2614641161640447
2.7999999999999843, 1.3020799287664733, 1.2649363714666422
2.809999999999984, 1.2966252741436037, 1.259989376722539
2.819999999999984, 1.2829477789554962, 1.2656834288467957
2.8299999999999836, 1.3043757644997873, 1.2881469948339257
2.8399999999999834, 1.2820407730890504, 1.2942067145708387
2.849999999999983, 1.308279875276134, 1.2886792152641997
2.859999999999983, 1.2842554496280196, 1.3264233914156969
2.869999999999983, 1.31069864702896, 1.2989542812103378
2.8799999999999826, 1.3103218155372178, 1.2986132338291714
2.8899999999999824, 1.3291809728572896, 1.2783771252175449
2.899999999999982, 1.3263671635589511, 1.275673175156222
2.909999999999982, 1.3350878778476973, 1.2884499132043281
2.9199999999999817, 1.336223911757049, 1.27384948824338
2.9299999999999815, 1.3152927362426339, 1.2611314012448864
2.9399999999999813, 1.3270616481937298, 1.2543643101886752
2.949999999999981, 1.3405488934634184, 1.2416559823434643
2.959999999999981, 1.388026593846213, 1.2448466418205517
2.9699999999999807, 1.398864944883921, 1.245561349263762
2.9799999999999804, 1.3769919852814956, 1.2700386881265324
2.9899999999999802, 1.3737008302642073, 1.2652050260717922
2.99999999999998, 1.3824115292874122, 1.2604899840618218
3.00999999999998, 1.3700755752223217, 1.3073540138185002
3.0199999999999796, 1.3520261965192217, 1.307655846277389
3.0299999999999794, 1.3288055593003982, 1.2967454563753358
3.039999999999979, 1.3499593540369015, 1.347451376914983
3.049999999999979, 1.3431285865813432, 1.3630847688611047
3.0599999999999787, 1.340755842679758, 1.3717419856318505
3.0699999999999785, 1.3683495734180948, 1.3818672734878112
3.0799999999999783, 1.3606461223925101, 1.368929973723921
3.089999999999978, 1.3408664555737335, 1.3593479604603647
3.099999999999978, 1.3476746922940128, 1.3461389203052554
3.1099999999999777, 1.32361348535096, 1.3288887720021896
3.1199999999999775, 1.3507283975286575, 1.3858553520302752
3.1299999999999772, 1.348449798283292, 1.3615325752291034
3.139999999999977, 1.3799809294024283, 1.3442128484909823
3.149999999999977, 1.3736692273144957, 1.372324045791564
3.1599999999999766, 1.3614250076493946, 1.3881330450424827
3.1699999999999764, 1.340992487588752, 1.3609289336916035
3.179999999999976, 1.3238868799025176, 1.3580069021515724
3.189999999999976, 1.3086181233183007, 1.3275341584160023
3.1999999999999758, 1.3103139425705423, 1.3334414726892918
3.2099999999999755, 1.3196045857001604, 1.367192226614415
3.2199999999999753, 1.3196359195669902, 1.330078773668735
3.229999999999975, 1.3074988944235975, 1.324968227111924
3.239999999999975, 1.3336961952517967, 1.3403961041872414
3.2499999999999747, 1.3457996696943957, 1.3294067328461665
3.2599999999999745, 1.3452831947941946, 1.3091207957762996
3.2699999999999743, 1.3382333588741873, 1.2973301166493882
3.279999999999974, 1.3351632184936202, 1.318793916679371
3.289999999999974, 1.3145473902411067, 1.3694517710314724
3.2999999999999736, 1.3294541264234976, 1.3488825163910863
3.3099999999999734, 1.341670403745705, 1.3618804239791056
3.319999999999973, 1.354364875743665, 1.3774869792944988
3.329999999999973, 1.37581509885062, 1.4059012379783034
3.3399999999999728, 1.3733845814691918, 1.4347070874171428
3.3499999999999726, 1.3583453542363457, 1.4345410788402222
3.3599999999999723, 1.3145176014938096, 1.443277865525332
3.369999999999972, 1.29842927912372, 1.4536134727849384
3.379999999999972, 1.284259289916153, 1.4496396916838332
3.3899999999999717, 1.2802573316246435, 1.4860697626712112
3.3999999999999715, 1.2646899422878166, 1.457279294383313
3.4099999999999713, 1.2770820900247253, 1.434240313614947
3.419999999999971, 1.2821237887022612, 1.4760035012814654
3.429999999999971, 1.2901756990058328, 1.46151060671475
3.4399999999999706, 1.3176925453625459, 1.4233949343919372
3.4499999999999704, 1.3186001819802, 1.4027995054690203
3.45999999999997, 1.289754197046951, 1.4019143287739089
3.46999999999997, 1.2849522345028923, 1.434753771860863
3.47999999999997, 1.2995616795323375, 1.4397342093361272
3.4899999999999696, 1.2956600035985697, 1.4275926682998676
3.4999999999999694, 1.2672683374070135, 1.453330920532938
3.509999999999969, 1.2779626411130307, 1.4485300397579832
3.519999999999969, 1.2809565989127834, 1.4441990948856889
3.5299999999999687, 1.2769338186181145, 1.447126561261482
3.5399999999999685, 1.2958706004070786, 1.4277902086898508
3.5499999999999683, 1.3189815003882353, 1.430999677089412
3.559999999999968, 1.3460052275137107, 1.4259507024281732
3.569999999999968, 1.3389762488426507, 1.4013228327584948
3.5799999999999677, 1.3320066551435952, 1.364159751066285
3.5899999999999674, 1.3541900097217319, 1.3923923208520208
3.5999999999999672, 1.3640485333110304, 1.3680608251254125
3.609999999999967, 1.377881312583751, 1.3409836595555733
3.619999999999967, 1.4319775578983225, 1.3875675965350953
3.6299999999999666, 1.4260697364382358, 1.3681777598865363
3.6399999999999664, 1.410668389049639, 1.3855642881049206
3.649999999999966, 1.400676338825657, 1.397855916639543
3.659999999999966, 1.4147233671951716, 1.3800153642799187
3.6699999999999657, 1.4063413181998805, 1.382514085797132
3.6799999999999655, 1.4004896041399177, 1.365556687499096
3.6899999999999653, 1.4172750815717094, 1.3606932899762747
3.699999999999965, 1.3984394411708474, 1.3431326292670531
3.709999999999965, 1.4237262656391902, 1.3016084946395698
3.7199999999999647, 1.4051144236108752, 1.3154193491666464
3.7299999999999645, 1.3773939887726188, 1.3499017816427248
3.7399999999999642, 1.3959544931057692, 1.3320899622602673
3.749999999999964, 1.375429681645514, 1.3360152796973948
3.759999999999964, 1.3785660638344448, 1.3121230557168249
3.7699999999999636, 1.3885418045740958, 1.3055819358709078
3.7799999999999634, 1.4228951805850856, 1.3349088279975323
3.789999999999963, 1.397734541926891, 1.3598866864235115
3.799999999999963, 1.4214484176541815, 1.36414251777043
3.8099999999999627, 1.4111278822848337, 1.3803497249036811
3.8199999999999625, 1.4136705260205826, 1.3626658018483386
3.8299999999999623, 1.439863863561493, 1.3577862547597421
3.839999999999962, 1.399320483609475, 1.3879180152314423
3.849999999999962, 1.3818455041976085, 1.382951029730818
3.8599999999999617, 1.4221029359342074, 1.3951549243418917
3.8699999999999615, 1.4059799964679878, 1.4294893314748058
3.8799999999999613, 1.4197510541394156, 1.445170733826613
3.889999999999961, 1.4170253883722432, 1.4494486755560472
3.899999999999961, 1.4200881428986125, 1.4834647769008982
3.9099999999999606, 1.434192154599599, 1.4757805461808118
3.9199999999999604, 1.4186154908587432, 1.472828169026443
3.92999999999996, 1.4051074562713204, 1.4425090865499186
3.93999999999996, 1.41139154070422, 1.4222972455530174
3.9499999999999598, 1.4034180070058844, 1.4199582584053196
3.9599999999999596, 1.4221828207358485, 1.4054783494538983
3.9699999999999593, 1.4219170429734453, 1.3912342435696692
3.979999999999959, 1.435580255786575, 1.3766629912429669
3.989999999999959, 1.4783583481342963, 1.3884640481872808
3.9999999999999587, 1.4891713058618208, 1.4018935212632282
4.009999999999959, 1.4904904254184765, 1.459794931893089
4.019999999999959, 1.4446221389906055, 1.4362858498593685
4.0299999999999585, 1.4338577668096446, 1.4333298532736347
4.039999999999958, 1.4465213699523392, 1.4206980134025293
4.049999999999958, 1.4281638906703635, 1.4031131779796528
4.059999999999958, 1.421590117958461, 1.3854739615981408
4.069999999999958, 1.4131427806635213, 1.4071978670399656
4.079999999999957, 1.4216947352887224, 1.3865176412879325
4.089999999999957, 1.4226097688059065, 1.4154355520327317
4.099999999999957, 1.432204434317047, 1.3947990404994268
4.109999999999957, 1.4236573588362367, 1.4116607627431166
4.119999999999957, 1.4418932486826184, 1.3700623029830212
4.129999999999956, 1.4888077636960189, 1.3534135041959345
4.139999999999956, 1.4792035680489906, 1.3757874353474338
4.149999999999956, 1.4380937668277083, 1.391662435316839
4.159999999999956, 1.4173529529362847, 1.374918019135688
4.1699999999999555, 1.441933830107866, 1.3622349081935725
4.179999999999955, 1.4594920084293415, 1.3667967404768757
4.189999999999955, 1.4822776089459382, 1.388846114861545
4.199999999999955, 1.475115399743238, 1.376743936876339
4.209999999999955, 1.473329879780469, 1.3990015234248423
4.2199999999999545, 1.448912931709493, 1.4054291736321771
4.229999999999954, 1.4514473039773848, 1.4056808652670805
4.239999999999954, 1.481483743098748, 1.4219732315447509
4.249999999999954, 1.490567680284669, 1.4339768393117096
4.259999999999954, 1.4734693806875407, 1.4262367633141018
4.269999999999953, 1.466914615598719, 1.4839663811577837
4.279999999999953, 1.454137285851413, 1.5087406891340338
4.289999999999953, 1.4316285111951421, 1.5175790368924904
4.299999999999953, 1.4199652945970889, 1.5260590332922548
4.3099999999999525, 1.455893965856011, 1.5386595084183752
4.319999999999952, 1.450275995158259, 1.5275727162519446
4.329999999999952, 1.451479717442495, 1.5313629135910038
4.339999999999952, 1.4438862730584288, 1.559716019326699
4.349999999999952, 1.4513465005911348, 1.5482044109780986
4.3599999999999515, 1.4443274061430609, 1.586508427119777
4.369999999999951, 1.4378798672931474, 1.5851712497966015
4.379999999999951, 1.4333647806530496, 1.622737763148467
4.389999999999951, 1.4371144167033385, 1.6058563726555957
4.399999999999951, 1.4702882493573077, 1.5863220971610363
4.40999999999995, 1.502124312661005, 1.6126235369951893
4.41999999999995, 1.5150281751184553, 1.6336773807498597
4.42999999999995, 1.5196996210910891, 1.6370810648535032
4.43999999999995, 1.5097487819388402, 1.6337525199635166
4.4499999999999496, 1.5040043596467045, 1.6230003528178854
4.459999999999949, 1.5093214788417737, 1.575397787501621
4.469999999999949, 1.5018864339595268, 1.586491494334765
4.479999999999949, 1.4976794711875083, 1.5442942903018144
4.489999999999949, 1.4987028601223986, 1.5560836964498297
4.4999999999999485, 1.4994670209011212, 1.5794156862386817
4.509999999999948, 1.5181423949168755, 1.565536961237276
4.519999999999948, 1.5106902889334426, 1.5980073734254416
4.529999999999948, 1.533123515953984, 1.592637957709881
4.539999999999948, 1.537577758693656, 1.5842042070306925
4.549999999999947, 1.5892884651554253, 1.5763691040441976
4.559999999999947, 1.5807741219879023, 1.5678254724620855
4.569999999999947, 1.5576109144087373, 1.5865088458961087
4.579999999999947, 1.54412562388467, 1.5666042077551685
4.589999999999947, 1.54530460134596, 1.5789932289052884
4.599999999999946, 1.549736041559855, 1.571016672488883
4.609999999999946, 1.537874083448321, 1.593655551960193
4.619999999999946, 1.5410611779260888, 1.6003453325960895
4.629999999999946, 1.547855229875779, 1.5768232251160141
4.6399999999999455, 1.5358354982006954, 1.595954205521972
4.649999999999945, 1.5832758537573433, 1.603143209455095
4.659999999999945, 1.5790724965941174, 1.601646126797321
4.669999999999945, 1.562120837980287, 1.5934204535254326
4.679999999999945, 1.5605307821929904, 1.58774453149791
4.689999999999944, 1.5591270088167883, 1.6201034648683876
4.699999999999944, 1.5422321451562997, 1.6102281353610617
4.709999999999944, 1.5458122261025753, 1.6138501416361721
4.719999999999944, 1.5511117478003533, 1.598482155271555
4.729999999999944, 1.5543438144503368, 1.6106271683531415
4.739999999999943, 1.5355980251051715, 1.6079404336485537
4.749999999999943, 1.5388459034211273, 1.6292179809765222
4.759999999999943, 1.5739556776496924, 1.5867292360992542
4.769999999999943, 1.5595844806311157, 1.560496096894114
4.7799999999999425, 1.5475346437210227, 1.5350237051565936
4.789999999999942, 1.5774233375858193, 1.559588035341177
4.799999999999942, 1.6113043517851615, 1.5702331275616952
4.809999999999942, 1.5704352693022834, 1.5987710368765764
4.819999999999942, 1.5685193595220706, 1.5905568096010176
4.8299999999999415, 1.590928559908256, 1.5824071920151743
4.839999999999941, 1.5976828144821533, 1.593569266089533
4.849999999999941, 1.627653045843353, 1.601385894074824
4.859999999999941, 1.5919566489269417, 1.5718928053390013
4.869999999999941, 1.5810726369058232, 1.590561880483527
4.87999999999994, 1.5846161517368964, 1.5764271048066185
4.88999999999994, 1.5948459979433542, 1.5740652075720958
4.89999999999994, 1.5813292975486661, 1.5646230399669965
4.90999999999994, 1.616021590961263, 1.5566456954313888
4.9199999999999395, 1.6282975888292293, 1.5301390689916141
4.929999999999939, 1.6089005681706097, 1.520414978098673
4.939999999999939, 1.6323964429998112, 1.5395384041729867
4.949999999999939, 1.6670173366758483, 1.5368541282873438
4.959999999999939, 1.6700903660244262, 1.5661070569850608
4.9699999999999385, 1.6599919000857273, 1.5558383371744384
4.979999999999938, 1.676603244991204, 1.5329250771930205
4.989999999999938, 1.6576675341169957, 1.561115251256561
4.999999999999938, 1.621886102142265, 1.606794514220391
5.009999999999938, 1.63509391260633, 1.6520104276284648
5.019999999999937, 1.6359573446013493, 1.6263537702180004
5.029999999999937, 1.6747794830197305, 1.6053419009093126
5.039999999999937, 1.6543424456614837, 1.579111084599573
5.049999999999937, 1.6525840968391978, 1.5590474314205225
5.0599999999999365, 1.6507868457205843, 1.5676242056494878
5.069999999999936, 1.680324694025975, 1.6055617806534
5.079999999999936, 1.684922804622151, 1.6023885332127956
5.089999999999936, 1.6888423908860004, 1.6266326601978782
5.099999999999936, 1.695639080220866, 1.6368774168644797
5.1099999999999355, 1.6914582166357968, 1.6010747644654422
5.119999999999935, 1.698629817519999, 1.6084648482528574
5.129999999999935, 1.686782217475173, 1.590235235457674
5.139999999999935, 1.6723786664191365, 1.5892617903031934
5.149999999999935, 1.6849367997562883, 1.6079244287693015
5.159999999999934, 1.7127218265021593, 1.6059632205138459
5.169999999999934, 1.7039937646853007, 1.6335626954151385
5.179999999999934, 1.7050971627695772, 1.6620004982865888
5.189999999999934, 1.691683975604359, 1.646622852567313
5.199999999999934, 1.7097127129923833, 1.6228981314373772
5.209999999999933, 1.710932832931435, 1.609950561555164
5.219999999999933, 1.7265348594253838, 1.589708039205176
5.229999999999933, 1.7554261825360942, 1.6232911728567738
5.239999999999933, 1.7197273056829419, 1.611055688562666
5.2499999999999325, 1.740685893678033, 1.605480773675315
5.259999999999932, 1.7213926214707946, 1.5848413328056745
5.269999999999932, 1.7220973379108133, 1.618460153731089
5.279999999999932, 1.6989742028306747, 1.5927596468205427
5.289999999999932, 1.7157521968313552, 1.5900707901857354
5.299999999999931, 1.7343733419950518, 1.588336364662243
5.309999999999931, 1.7138793961935437, 1.586823053640644
5.319999999999931, 1.7122252917009664, 1.5398514275860777
5.329999999999931, 1.7156062272208261, 1.5478517261164204
5.339999999999931, 1.7207205048305219, 1.54280949759849
5.34999999999993, 1.7213265772802901, 1.513963383378891
5.35999999999993, 1.7353203658817784, 1.4950206042722265
5.36999999999993, 1.7517170448495682, 1.4929440296638012
5.37999999999993, 1.7344437083951145, 1.494525189688937
5.3899999999999295, 1.7150332273820919, 1.482831244406181
5.399999999999929, 1.704880321266171, 1.478363968422461
5.409999999999929, 1.6908824600663759, 1.4323423035758012
5.419999999999929, 1.6760628001352686, 1.4373464298269378
5.429999999999929, 1.6691969820904449, 1.462988834985323
5.4399999999999284, 1.6814531912665105, 1.452001715621776
5.449999999999928, 1.698568901596514, 1.4820018868026892
5.459999999999928, 1.6989962222354411, 1.4667349709988096
5.469999999999928, 1.7085008579452994, 1.4783230547642472
5.479999999999928, 1.7371162508574571, 1.4562026537786081
5.489999999999927, 1.72051381352809, 1.480240828061624
5.499999999999927, 1.755226363231241, 1.4800969432545377
5.509999999999927, 1.793631121336483, 1.4676116622139137
5.519999999999927, 1.7999255703450352, 1.4672428134527469
5.5299999999999265, 1.8344890330652144, 1.4873755283000172
5.539999999999926, 1.8618127093133667, 1.446840768942918
5.549999999999926, 1.8778322952102462, 1.4492676268094877
5.559999999999926, 1.8739374304503558, 1.4629483908501721
5.569999999999926, 1.8668501044635155, 1.4448389683934535
5.5799999999999255, 1.9242903397467097, 1.4561467391024945
5.589999999999925, 1.9816438166698884, 1.448116969616276
5.599999999999925, 1.9706100015648962, 1.4841043760025736
5.609999999999925, 1.9561655854570934, 1.518784306626008
5.619999999999925, 1.9686710132662095, 1.5152303759853964
5.629999999999924, 1.9688621448594037, 1.4937697933682068
5.639999999999924, 1.945089776272904, 1.5194575628667997
5.649999999999924, 1.9185466604596346, 1.5083243147687684
5.659999999999924, 1.894964207991529, 1.52230469681488
5.6699999999999235, 1.8871105376764692, 1.4969298073349389
5.679999999999923, 1.9034163176276515, 1.5101915380511433
5.689999999999923, 1.9036952900236086, 1.4934057670292074
5.699999999999923, 1.9187414910295044, 1.4700231056476718
5.709999999999923, 1.9188251887266548, 1.4813372478771578
5.7199999999999225, 1.9313656907911751, 1.507521360462082
5.729999999999922, 1.9658601840125547, 1.4830633347581996
5.739999999999922, 1.9628374705719338, 1.4747814584211298
5.749999999999922, 1.9718955118009112, 1.4586574980327323
5.759999999999922, 1.947919680315127, 1.458687415189708
5.769999999999921, 1.9515133570282819, 1.484255517776231
5.779999999999921, 1.9423044186887413, 1.474168678720843
5.789999999999921, 1.9664700974472389, 1.4506849305756038
5.799999999999921, 1.9830193104554512, 1.4277284711441156
5.809999999999921, 1.9801076577532748, 1.40492125841406
5.81999999999992, 1.9772471068184474, 1.441296204705314
5.82999999999992, 2.027918670229796, 1.4499402392180196
5.83999999999992, 2.030281523808305, 1.4056393243677365
5.84999999999992, 2.0332394406252745, 1.3794634227017932
5.8599999999999195, 2.0789936287825896, 1.3409511605397557
5.869999999999919, 2.064787976430889, 1.337322220683341
5.879999999999919, 2.052638186451771, 1.3824495254388565
5.889999999999919, 2.040034228258616, 1.3720237862102989
5.899999999999919, 2.039351793517414, 1.3594853606937936
5.909999999999918, 2.014464734905727, 1.3494347535098457
5.919999999999918, 2.0295278863729926, 1.3762622936160074
5.929999999999918, 2.0573892474222006, 1.374218543838674
5.939999999999918, 2.0906028175210487, 1.3359076252235034
5.949999999999918, 2.052591725328287, 1.3176285224638968
5.959999999999917, 2.067908729243627, 1.350120563534032
5.969999999999917, 2.123991228204327, 1.3390470747567875
5.979999999999917, 2.1079675249795873, 1.3470148058824685
5.989999999999917, 2.088639328887349, 1.3433501504046284
5.9999999999999165, 2.098983057317487, 1.3543698834311642
6.009999999999916, 2.0763073313948044, 1.358961671766046
6.019999999999916, 2.0865970129504405, 1.3501460514766066
6.029999999999916, 2.1318318960921103, 1.3654066857644656
6.039999999999916, 2.160014801744813, 1.3686477501111511
6.0499999999999154, 2.1810316481254968, 1.4185279626742167
6.059999999999915, 2.1954394369431864, 1.450437517133327
6.069999999999915, 2.2141505052390342, 1.479211335715992
6.079999999999915, 2.2345286210034145, 1.475350663763419
6.089999999999915, 2.2305181756385752, 1.4473180013983242
6.099999999999914, 2.256819338511937, 1.4630061864322066
6.109999999999914, 2.28296600133009, 1.500112100199119
6.119999999999914, 2.26821822531847, 1.505144660466776
6.129999999999914, 2.2665258860908417, 1.5099552289127607
6.1399999999999135, 2.25767065578738, 1.5467186690355195
6.149999999999913, 2.2388400262186248, 1.5473081786102352
6.159999999999913, 2.2202352585009093, 1.5257122429544143
6.169999999999913, 2.2100120925776037, 1.509495513391917
6.179999999999913, 2.2378015950510255, 1.4877562742501362
6.1899999999999125, 2.231262384717696, 1.5207012555682151
6.199999999999912, 2.2158839359823057, 1.4950971702334808
6.209999999999912, 2.2535981636944014, 1.5181723482330127
6.219999999999912, 2.252207544298173, 1.5326136122437037
6.229999999999912, 2.2314540762256625, 1.5648898522709502
6.239999999999911, 2.2487287891895886, 1.5532356222440329
6.249999999999911, 2.2300702690048237, 1.5691214431566118
6.259999999999911, 2.2634694330938494, 1.5466077979813804
6.269999999999911, 2.2893300987481826, 1.5615948719489314
6.2799999999999105, 2.2940566141290843, 1.5448449278011653
6.28999999999991, 2.331451389617722, 1.5290853592076417
6.29999999999991, 2.332904370932656, 1.5254222253448382
6.30999999999991, 2.3369620793125785, 1.5027342675679323
6.31999999999991, 2.3860216945948416, 1.5011504705706222
6.3299999999999095, 2.3767534518922586, 1.5387841236676572
6.339999999999909, 2.4089051433714257, 1.5102795988010953
6.349999999999909, 2.42056819459146, 1.5000459804048887
6.359999999999909, 2.4302092027687836, 1.472197328027001
6.369999999999909, 2.419589943270226, 1.4858461276958694
6.379999999999908, 2.420620451705252, 1.472442725214023
6.389999999999908, 2.4042705144546965, 1.4591253099752937
6.399999999999908, 2.4354419029700463, 1.4596992525671881
6.409999999999908, 2.4375804057251296, 1.4929958286759941
6.419999999999908, 2.4227440785020358, 1.5175665966305851
6.429999999999907, 2.402764246124724, 1.5282553488401331
6.439999999999907, 2.41777240738519, 1.5418537780984207
6.449999999999907, 2.4179212012248223, 1.5455625369283863
6.459999999999907, 2.4198666692866992, 1.5081624755864917
6.4699999999999065, 2.439300930061342, 1.5149360072680205
6.479999999999906, 2.4549014779372977, 1.5357173041044065
6.489999999999906, 2.4588951659577947, 1.5602058383971866
6.499999999999906, 2.448178879025158, 1.5372924510870496
6.509999999999906, 2.461711390134016, 1.5213481474902697
6.519999999999905, 2.487476460960689, 1.5359431097648888
6.529999999999905, 2.4891637219200096, 1.5469713315050324
6.539999999999905, 2.502611799777145, 1.5491903296237857
6.549999999999905, 2.48300549004756, 1.5269424440407249
6.559999999999905, 2.4807876373838313, 1.5171194340679646
6.569999999999904, 2.4571063039481578, 1.4950020456201203
6.579999999999904, 2.505733362945732, 1.4819295318559964
6.589999999999904, 2.4906358565179683, 1.468735218699987
6.599999999999904, 2.5020931304697815, 1.4512287716547225
6.6099999999999035, 2.5213638996138106, 1.4664406272491688
6.619999999999903, 2.543007543652443, 1.4908097033961245
6.629999999999903, 2.523393807424745, 1.4571733840624674
6.639999999999903, 2.501042699328258, 1.4388768105288239
6.649999999999903, 2.478687322313492, 1.4168743735763423
6.659999999999902, 2.4738355331512003, 1.3836179441310699
6.669999999999902, 2.4718399187446454, 1.3985157273231725
6.679999999999902, 2.4858236600328505, 1.385502890142206
6.689999999999902, 2.500952230215499, 1.4154458818699753
6.699999999999902, 2.5154356702453495, 1.4158185515655723
6.709999999999901, 2.5036461713785183, 1.4171536992284206
6.719999999999901, 2.5446539154513164, 1.4036818949214376
6.729999999999901, 2.5704289283227064, 1.3835254241413455
6.739999999999901, 2.563107261617487, 1.4030736071574206
6.7499999999999005, 2.5557538132920503, 1.3922120539620613
6.7599999999999, 2.533789303027197, 1.3934690367687654
6.7699999999999, 2.5432945326149126, 1.382731791704515
6.7799999999999, 2.5437457668867354, 1.3276204860048555
6.7899999999999, 2.5323597856923383, 1.2965160584491424
6.7999999999998995, 2.512690980192961, 1.2857304936250495
6.809999999999899, 2.500069445029301, 1.2600008038574826
6.819999999999899, 2.5043811042958484, 1.2850323250658513
6.829999999999899, 2.4786927769412777, 1.3011477118191555
6.839999999999899, 2.4643295873943263, 1.3019332500536351
6.849999999999898, 2.4518489592213992, 1.2781494045012052
6.859999999999898, 2.483456903893402, 1.2923032262197662
6.869999999999898, 2.4701052730340414, 1.2666615153032414
6.879999999999898, 2.472775167167326, 1.2512860534580086
6.8899999999998975, 2.4803405674101313, 1.2408834050362951
6.899999999999897, 2.45894571008986, 1.2084971362036208
6.909999999999897, 2.4956443127049774, 1.230151549200985
6.919999999999897, 2.5005203475835005, 1.1905107338236847
6.929999999999897, 2.526134327909007, 1.1600545470011006
6.9399999999998965, 2.5200855448157014, 1.1267520892988074
6.949999999999896, 2.506251652707441, 1.1389495010901538
6.959999999999896, 2.49039911189076, 1.1148121383153482
6.969999999999896, 2.5163661074547092, 1.131676486162153
6.979999999999896, 2.5453129157874796, 1.1315741832241044
6.989999999999895, 2.533374027141586, 1.1044810878997346
6.999999999999895, 2.53645404814379, 1.1122076921488946
7.009999999999895, 2.515364863812476, 1.1570613007862312
7.019999999999895, 2.5140058794050337, 1.1535141762378929
7.0299999999998946, 2.519119998915285, 1.1707214118118012
7.039999999999894, 2.5344474278362368, 1.1671085749888193
7.049999999999894, 2.5329667967987577, 1.160766922023934
7.059999999999894, 2.5288520592130057, 1.1586632037790645
7.069999999999894, 2.5409272908867098, 1.1677306709436064
7.0799999999998935, 2.531247441007754, 1.144340562731261
7.089999999999893, 2.5679911133102054, 1.1488961256517232
7.099999999999893, 2.595234902306073, 1.128850177006245
7.109999999999893, 2.591138741528228, 1.1033679454757286
7.119999999999893, 2.6286841623699218, 1.0856480248145897
7.129999999999892, 2.6249979153239633, 1.08886838825253
7.139999999999892, 2.6452579433259444, 1.0878676684875597
7.149999999999892, 2.6718269340182195, 1.0621735869157887
7.159999999999892, 2.662989713288441, 1.0376254768480229
7.169999999999892, 2.6615683976038693, 1.054690687582367
7.179999999999891, 2.717418927399348, 1.0992287601679225
7.189999999999891, 2.7185018238498904, 1.0983249235675323
7.199999999999891, 2.7079319739528285, 1.1120131646465223
7.209999999999891, 2.6914059986529164, 1.1025148826038131
7.2199999999998905, 2.6725314841299186, 1.127317814233584
7.22999999999989, 2.7037433476831114, 1.1521108360691588
7.23999999999989, 2.7313133525338285, 1.1819146941882057
7.24999999999989, 2.7048508206635935, 1.1685242211888076
7.25999999999989, 2.7140919381286217, 1.146795844444861
7.269999999999889, 2.7208893738115423, 1.1120995599999612
7.279999999999889, 2.734774698423371, 1.1051217028937348
7.289999999999889, 2.738542866113195, 1.0677855191805734
7.299999999999889, 2.721353740904574, 1.0876406531278253
7.309999999999889, 2.734148895348736, 1.1041631864243804
7.319999999999888, 2.695466544748136, 1.0711800073222462
7.329999999999888, 2.723833849165916, 1.074021829674583
7.339999999999888, 2.7516667794262424, 1.0407319471830707
7.349999999999888, 2.7080802312376244, 1.0130346574035654
7.3599999999998875, 2.7353525505730154, 1.0125870825769083
7.369999999999887, 2.76282837777029, 0.9818519800649956
7.379999999999887, 2.758562348580872, 0.9518923052851657
7.389999999999887, 2.7858146166177105, 0.9520167849102693
7.399999999999887, 2.7733305738823986, 0.9191495701192134
7.4099999999998865, 2.8001159377842417, 0.903901716466122
7.419999999999886, 2.815850736624281, 0.8880917739236193
7.429999999999886, 2.7904847267980855, 0.8753058922173964
7.439999999999886, 2.8109209207663093, 0.8967680444519786
7.449999999999886, 2.8125872447040066, 0.8864016193354446
7.459999999999885, 2.808978888930877, 0.8890139844413497
7.469999999999885, 2.793111494148469, 0.8677862879055109
7.479999999999885, 2.825913625101549, 0.8854928759799122
7.489999999999885, 2.837332047224057, 0.8893799397182713
7.4999999999998845, 2.8524127562618453, 0.8888527112522677
7.509999999999884, 2.8506133960726676, 0.8936908169646158
7.519999999999884, 2.8395670300602767, 0.8924304359223878
7.529999999999884, 2.8667141189304735, 0.8832749161575818
7.539999999999884, 2.8809104327096238, 0.890338572253953
7.5499999999998835, 2.9255273839418336, 0.8999149886192881
7.559999999999883, 2.949975104814818, 0.8656145712145109
7.569999999999883, 2.949836450744897, 0.8341750480578134
7.579999999999883, 2.974551455609854, 0.8495062899903303
7.589999999999883, 2.9959342123164174, 0.8528898619240185
7.599999999999882, 3.0107415692911528, 0.8340002652568164
7.609999999999882, 2.9875529383918202, 0.8241936924515403
7.619999999999882, 3.007708027038525, 0.8677808544118091
7.629999999999882, 3.0616931418855247, 0.8340435728219368
7.6399999999998816, 3.0743817229703807, 0.7983519418983761
7.649999999999881, 3.0465618826642933, 0.7730901456455489
7.659999999999881, 3.038516420651162, 0.8099565468543216
7.669999999999881, 3.041104905292897, 0.7813228971852145
7.679999999999881, 3.0251635602439406, 0.7503223928829589
7.6899999999998805, 3.0229468597906375, 0.7411554924015114
7.69999999999988, 3.005944321427216, 0.7523265058148585
7.70999999999988, 3.0075577876773623, 0.7590854824536187
7.71999999999988, 3.002746659044086, 0.7585104233153037
7.72999999999988, 2.9827969305727047, 0.703457741938258
7.739999999999879, 2.9730500928807095, 0.7126596133668779
7.749999999999879, 2.9741917961906776, 0.7095755540253652
7.759999999999879, 2.9552195335411726, 0.71723386269978
7.769999999999879, 2.9545408947282885, 0.7330021584812738
7.779999999999879, 2.940627029619835, 0.7543617480826392
7.789999999999878, 2.93457489101083, 0.7448254262257319
7.799999999999878, 2.926775142756374, 0.7127535497874457
7.809999999999878, 2.929823650466124, 0.7007382726089841
7.819999999999878, 2.9493456676188172, 0.7106380975890694
7.8299999999998775, 2.975501802997114, 0.6832565621767561
7.839999999999877, 2.9870260509210054, 0.6982292318103285
7.849999999999877, 2.9715289074601925, 0.7058791952841023
7.859999999999877, 2.957596285471293, 0.7136242848745068
7.869999999999877, 2.959274334072774, 0.7012040745211336
7.879999999999876, 3.009253496945922, 0.704911239768264
7.889999999999876, 3.0255069194271114, 0.7037787425180198
7.899999999999876, 3.015410580511865, 0.7194376626154224
7.909999999999876, 3.0008443661034847, 0.6996354329924507
7.919999999999876, 3.0282299523647964, 0.6504044295345786
7.929999999999875, 3.0143730581289017, 0.6678595989538946
7.939999999999875, 3.052169743413484, 0.6845967887746012
7.949999999999875, 3.047045571397733, 0.6941225998038927
7.959999999999875, 3.044865859404037, 0.6663000275163238
7.9699999999998745, 3.0763862586795825, 0.7042911109762156
7.979999999999874, 3.0556918434124998, 0.6927506203853935
7.989999999999874, 3.0483976647915636, 0.7008849237187563
7.999999999999874, 3.049281825386865, 0.6878371292077043
8.009999999999874, 3.034412791318818, 0.7134604428932123
8.019999999999873, 3.035887701888402, 0.7202398249334719
8.029999999999873, 3.0399895802107637, 0.7045523333389275
8.039999999999873, 3.062538260505211, 0.6864872860219666
8.049999999999873, 3.1068386681140527, 0.6772013445017905
8.059999999999873, 3.0928649689125183, 0.6453176766258638
8.069999999999872, 3.0973816512998056, 0.6281558051409512
8.079999999999872, 3.1413767456261636, 0.6163668160849142
8.089999999999872, 3.175271968187491, 0.6457180028902488
8.099999999999872, 3.1737076652118255, 0.6166084744156735
8.109999999999872, 3.1782546831573724, 0.634798659272679
8.119999999999871, 3.1662843138860834, 0.6232161012969446
8.129999999999871, 3.1829169347241653, 0.6609702139796879
8.139999999999871, 3.179503471263904, 0.6475404368875646
8.14999999999987, 3.177075343405968, 0.6664371493783658
8.15999999999987, 3.2115658292841336, 0.7078517467645559
8.16999999999987, 3.241029965213471, 0.679883260339688
8.17999999999987, 3.252004706696121, 0.6492595635091782
8.18999999999987, 3.2685413940205623, 0.6688337814266544
8.19999999999987, 3.257273632720858, 0.6927858532255655
8.20999999999987, 3.242871372823648, 0.6460245714223494
8.21999999999987, 3.270523567752752, 0.6424823933537143
8.229999999999869, 3.2540818161005394, 0.6488009911073639
8.239999999999869, 3.2277872888323498, 0.6455904963829902
8.249999999999869, 3.232168618090077, 0.6289184443997627
8.259999999999868, 3.2219924625262815, 0.6080754431978834
8.269999999999868, 3.2014953684119543, 0.6233574855346246
8.279999999999868, 3.1753779681331906, 0.641467368165386
8.289999999999868, 3.1962025436576855, 0.6145485690750067
8.299999999999867, 3.20006852816966, 0.6008107220273493
8.309999999999867, 3.200835746067865, 0.6219546623752441
8.319999999999867, 3.221707639446339, 0.6376755954125279
8.329999999999867, 3.1984712617451274, 0.6177662018065692
8.339999999999867, 3.1865511340383144, 0.6597783423985135
8.349999999999866, 3.178604408187125, 0.6456373842295812
8.359999999999866, 3.1792345440701157, 0.6236095147433254
8.369999999999866, 3.202788518204299, 0.6388082346651777
8.379999999999866, 3.200695656864722, 0.6083569649580788
8.389999999999866, 3.2285452376427504, 0.5849233053881325
8.399999999999865, 3.2338102676974567, 0.5637967903247857
8.409999999999865, 3.2306844961300123, 0.5772504861571516
8.419999999999865, 3.253116638608275, 0.5562428538081776
8.429999999999865, 3.239316997539195, 0.5728635164346769
8.439999999999864, 3.2308622592487413, 0.5933492812043206
8.449999999999864, 3.2267442845272747, 0.5669520936461117
8.459999999999864, 3.2203503966243114, 0.5705546056452324
8.469999999999864, 3.2005607538259095, 0.5592654806035381
8.479999999999864, 3.2480587122827105, 0.5244396139587906
8.489999999999863, 3.2549391878531346, 0.5087079583173666
8.499999999999863, 3.271775311336538, 0.5243217010038239
8.509999999999863, 3.290565017370187, 0.5142265454881485
8.519999999999863, 3.3381138875213816, 0.5163347583490114
8.529999999999863, 3.377088396030058, 0.50639264232506
8.539999999999862, 3.393924483146454, 0.5220045372189402
8.549999999999862, 3.3979689749718465, 0.5413516214339527
8.559999999999862, 3.3720118652452484, 0.5602980113123132
8.569999999999862, 3.3998007505110177, 0.5495789190895344
8.579999999999862, 3.4070156326103005, 0.5216275328347938
8.589999999999861, 3.435025485953236, 0.5386582192076441
8.599999999999861, 3.4331434561808463, 0.5097988196536261
8.60999999999986, 3.4255526516134838, 0.5060767254701689
8.61999999999986, 3.454629133566287, 0.5276351774861997
8.62999999999986, 3.4645802147538585, 0.5114401578585047
8.63999999999986, 3.44751497423345, 0.5311729310758246
8.64999999999986, 3.4882702537814887, 0.5094284024808485
8.65999999999986, 3.4915426137772987, 0.5249603630631309
8.66999999999986, 3.500672214122124, 0.5447378848278778
8.67999999999986, 3.5261722363262367, 0.5403530416148792
8.68999999999986, 3.5107750000770674, 0.5601925627829749
8.699999999999859, 3.5080662744776228, 0.5420232892469312
8.709999999999859, 3.4907153994137667, 0.5290054096559366
8.719999999999859, 3.4971365123095586, 0.5141348787415372
8.729999999999858, 3.5410484013141503, 0.5425055396170119
8.739999999999858, 3.518172993876501, 0.5339790744559747
8.749999999999858, 3.5190709066968506, 0.5124081154416681
8.759999999999858, 3.504622392967755, 0.5292800634906114
8.769999999999857, 3.502327523491599, 0.5536024453888652
8.779999999999857, 3.4969671855813775, 0.5710612357551944
8.789999999999857, 3.4918894781414305, 0.5829999735497806
8.799999999999857, 3.5053907260667696, 0.5673422851110492
8.809999999999857, 3.5151791456706536, 0.5542666211355525
8.819999999999856, 3.5184610168144275, 0.5392176691649223
8.829999999999856, 3.5184756933897687, 0.5150148373344016
8.839999999999856, 3.4961058194066323, 0.5364459215499155
8.849999999999856, 3.5057163377976694, 0.5234070404543767
8.859999999999856, 3.4878299541463886, 0.5696757836386929
8.869999999999855, 3.515090130034488, 0.5933125779287058
8.879999999999855, 3.524305323301784, 0.582043663186476
8.889999999999855, 3.5307326353330795, 0.5400151008845165
8.899999999999855, 3.5163070766111613, 0.5219302689520157
8.909999999999854, 3.5018929616181214, 0.5331537303366872
8.919999999999854, 3.5151181446041617, 0.5150406097990371
8.929999999999854, 3.5015205695518308, 0.510740481508554
8.939999999999854, 3.5285788902918016, 0.5374969925583333
8.949999999999854, 3.5300268934815295, 0.5462390207109459
8.959999999999853, 3.5272373778101267, 0.528170423708066
8.969999999999853, 3.5217153712968408, 0.5565936322259551
8.979999999999853, 3.509506224135557, 0.5700254575235928
8.989999999999853, 3.504492025170914, 0.5897723237725858
8.999999999999853, 3.5172777780368643, 0.6466487899183033
9.009999999999852, 3.538952846016247, 0.6254692143386168
9.019999999999852, 3.5592069144549594, 0.6037944281716079
9.029999999999852, 3.5693964762770873, 0.6037157604924263
9.039999999999852, 3.5954318381168515, 0.5907536882395582
9.049999999999851, 3.6085412237619385, 0.5839098624768931
9.059999999999851, 3.6193524540446242, 0.6118694917574824
9.069999999999851, 3.632405374824668, 0.6092685856515554
9.07999999999985, 3.615093054643225, 0.6251199528202973
9.08999999999985, 3.6350237438089046, 0.6248780781108113
9.09999999999985, 3.64872239375366, 0.6493847661091485
9.10999999999985, 3.640707706843315, 0.6652165267687188
9.11999999999985, 3.631182444834876, 0.6773798025393664
9.12999999999985, 3.6663314413421064, 0.6619335195699055
9.13999999999985, 3.6524688116843462, 0.7084003114519927
9.14999999999985, 3.6618850209065994, 0.7171957890772241
9.15999999999985, 3.664992624735808, 0.7263875840331734
9.169999999999849, 3.6908719046318756, 0.726110781094498
9.179999999999849, 3.6994417723612867, 0.7132778001237383
9.189999999999849, 3.710182695119827, 0.7298284139060215
9.199999999999848, 3.686482401086053, 0.7057602916391291
9.209999999999848, 3.680736700017831, 0.6949614418011348
9.219999999999848, 3.6625515804658932, 0.6796260321018828
9.229999999999848, 3.6619904776549683, 0.6918263288508357
9.239999999999847, 3.6933040364855554, 0.6807887049220983
9.249999999999847, 3.677536092288674, 0.6629106711009295
9.259999999999847, 3.6532111794717945, 0.6655292563338328
9.269999999999847, 3.667415282681007, 0.6587198698464053
9.279999999999847, 3.6982946282508484, 0.6745954761593175
9.289999999999846, 3.7243038184226496, 0.6538724928112406
9.299999999999846, 3.7062866254936258, 0.7005087614577502
9.309999999999846, 3.7149488352098388, 0.7040432415986817
9.319999999999846, 3.706890028093983, 0.7309459808076341
9.329999999999846, 3.7279604966226425, 0.722274743684878
9.339999999999845, 3.719762498656279, 0.7281570254698108
9.349999999999845, 3.7437443073416663, 0.7041198051722477
9.359999999999845, 3.7528277365251195, 0.6948264484106057
9.369999999999845, 3.742830324691335, 0.6801913349907059
9.379999999999844, 3.756631973705056, 0.6962335624168826
9.389999999999844, 3.7466182027142843, 0.6811092020108841
9.399999999999844, 3.7719582444606186, 0.6971604209533666
9.409999999999844, 3.8258231956253463, 0.7311787252497506
9.419999999999844, 3.8171100763589587, 0.754201898621503
9.429999999999843, 3.8053010540766508, 0.788267486897143
9.439999999999843, 3.771947281389441, 0.797382849675125
9.449999999999843, 3.757937124108196, 0.8439334762771163
9.459999999999843, 3.7349117014669315, 0.8528000278642345
9.469999999999843, 3.7592067661091773, 0.8312691255563399
9.479999999999842, 3.769995831598449, 0.8111944874020207
9.489999999999842, 3.762876875174888, 0.8170636518975242
9.499999999999842, 3.7329852994588815, 0.8171991501623496
9.509999999999842, 3.7123328477646975, 0.8143937528827054
9.519999999999841, 3.7012883263944794, 0.8140373653202007
9.529999999999841, 3.7202701668314355, 0.8200983338242558
9.539999999999841, 3.735305076011517, 0.8369933923533227
9.54999999999984, 3.744236344577878, 0.8698605220893751
9.55999999999984, 3.771232965074025, 0.8829903490400042
9.56999999999984, 3.798469493159623, 0.8956675033612611
9.57999999999984, 3.8225511060985675, 0.9115209393141349
9.58999999999984, 3.8101531863321885, 0.9092002869177677
9.59999999999984, 3.798880681691674, 0.9205923664620052
9.60999999999984, 3.7758851217639426, 0.9375459120371981
9.61999999999984, 3.7791245260008446, 0.9945469019560196
9.62999999999984, 3.810532940100765, 1.0000357961553703
9.639999999999839, 3.7993199213909605, 0.9819273382521623
9.649999999999839, 3.7917244588462884, 0.9910151879925009
9.659999999999838, 3.7842117546388963, 0.9797736554674485
9.669999999999838, 3.779196333254751, 0.9711211952215296
9.679999999999838, 3.7637674264789522, 0.9976922223732364
9.689999999999838, 3.781511323896325, 1.0313895346556041
9.699999999999838, 3.737499530668289, 1.0284103642305698
9.709999999999837, 3.762449500577461, 1.03671212510701
9.719999999999837, 3.752949290327319, 1.0313370950661918
9.729999999999837, 3.7362560362996846, 1.028235912223468
9.739999999999837, 3.7041673558471158, 1.0398675359945873
9.749999999999837, 3.723847822653365, 1.042061144465661
9.759999999999836, 3.7221000350107993, 1.0260312398454616
9.769999999999836, 3.753958177007355, 1.0275876045532488
9.779999999999836, 3.733979439813213, 1.0142613148291293
9.789999999999836, 3.782698407998168, 1.0466653673952966
9.799999999999836, 3.789430689964001, 1.0411457921052636
9.809999999999835, 3.763182078541657, 1.0979156549414093
9.819999999999835, 3.799182801654084, 1.0553992880209768
9.829999999999835, 3.8169620483295756, 1.0654148165231325
9.839999999999835, 3.8078940587566708, 1.1081215389876848
9.849999999999834, 3.8215991599526395, 1.100790204973928
9.859999999999834, 3.8524083246978202, 1.1283089246569895
9.869999999999834, 3.9009234997921327, 1.113262541595255
9.879999999999834, 3.888815514484066, 1.1132436326925121
9.889999999999834, 3.8495879683763388, 1.1468315062821057
9.899999999999833, 3.8477124527688766, 1.1461106360155913
9.909999999999833, 3.8514108558739233, 1.1602567006976976
9.919999999999833, 3.839674955864922, 1.1469157020820113
9.929999999999833, 3.8266401706803577, 1.1335666258856703
9.939999999999833, 3.806704683390973, 1.161647235104139
9.949999999999832, 3.813836894797267, 1.1583108182490613
9.959999999999832, 3.8359619145936747, 1.1534400494293446
9.969999999999832, 3.8242945541936773, 1.1564910635576635
9.979999999999832, 3.8602805192002116, 1.182764963678081
9.989999999999831, 3.8550569907116836, 1.169212004769309
9.999999999999831, 3.8260390171745953, 1.1807550854901436
10.009999999999831, 3.853883182428429, 1.23074394715529
10.01999999999983, 3.8644233774045693, 1.209107516167047
10.02999999999983, 3.8477039941143714, 1.1783252436731326
10.03999999999983, 3.841615830689931, 1.1597964704473576
10.04999999999983, 3.8249841458920018, 1.175061580385437
10.05999999999983, 3.825383669269289, 1.1745667780894196
10.06999999999983, 3.8293661393591196, 1.1796305226539507
10.07999999999983, 3.8096217613437977, 1.2068795313418261
10.08999999999983, 3.8197060782016936, 1.2566582585526933
10.09999999999983, 3.8099869520424767, 1.2647764257678102
10.109999999999829, 3.8191978959959423, 1.2812080091297111
10.119999999999829, 3.8214973013287556, 1.262758072846125
10.129999999999828, 3.8224482400947313, 1.2467288582293634
10.139999999999828, 3.8455744943359194, 1.2478360994843645
10.149999999999828, 3.865480728981352, 1.2846840287956283
10.159999999999828, 3.863840559858765, 1.3001592833659397
10.169999999999828, 3.8496933673684155, 1.31485717614087
10.179999999999827, 3.852837997244541, 1.3380359668025763
10.189999999999827, 3.8444066608088066, 1.3235808421918227
10.199999999999827, 3.8771147304636764, 1.3562304150599502
10.209999999999827, 3.9098368440034124, 1.3499182244332424
10.219999999999827, 3.922153136504952, 1.344593729734398
10.229999999999826, 3.9714484897248172, 1.3338668081371523
10.239999999999826, 3.951569928810594, 1.3720086750043168
10.249999999999826, 3.974038369891325, 1.3530549123438493
10.259999999999826, 3.9521464312955352, 1.339521457487598
10.269999999999825, 3.960844898699929, 1.3385244710169737
10.279999999999825, 3.9790336489290565, 1.3180499384589452
10.289999999999825, 3.9682196782834134, 1.3078920593218475
10.299999999999825, 3.9990848674871904, 1.3231283283749324
10.309999999999825, 3.996563304341878, 1.356534299083865
10.319999999999824, 3.9894846286358225, 1.3673489209413634
10.329999999999824, 4.030695654464779, 1.378887779491734
10.339999999999824, 4.044231884878287, 1.3898422383799656
10.349999999999824, 4.076046754897186, 1.385312923756222
10.359999999999824, 4.055425294773993, 1.380366204425144
10.369999999999823, 4.076886056074992, 1.3500248555893812
10.379999999999823, 4.0859757801094725, 1.3372953566048462
10.389999999999823, 4.104197078368917, 1.3704605301061732
10.399999999999823, 4.117971204003565, 1.3638899811673146
10.409999999999823, 4.100029567313957, 1.3678625840988672
10.419999999999822, 4.107265135678818, 1.3631868352349275
10.429999999999822, 4.076949725294085, 1.38501818550033
10.439999999999822, 4.052821267861455, 1.3953707685745667
10.449999999999822, 4.029691296529187, 1.39727934597727
10.459999999999821, 3.9975443916881312, 1.4212487852619242
10.469999999999821, 3.9781249370452194, 1.4580523461305317
10.479999999999821, 3.964342259766965, 1.4481273405886135
10.48999999999982, 4.0012066978585, 1.455478253048729
10.49999999999982, 4.038767121271066, 1.453963358845497
10.50999999999982, 4.015760231742447, 1.4351591855037376
10.51999999999982, 4.017186230736292, 1.4474627708073124
10.52999999999982, 4.035749850466812, 1.436950402825084
10.53999999999982, 4.038301867010609, 1.466134711462007
10.54999999999982, 4.027367885690802, 1.4523005280407595
10.55999999999982, 4.038618036457419, 1.4510694413704088
10.569999999999819, 4.0490764927619916, 1.4634573949350496
10.579999999999819, 4.0500230298845565, 1.4802785177656368
10.589999999999819, 4.060653543899916, 1.4928769347057456
10.599999999999818, 4.088829657932781, 1.4738966355949321
10.609999999999818, 4.086614799738417, 1.4891979916459404
10.619999999999818, 4.084549850244085, 1.4466969253626925
10.629999999999818, 4.082385173892024, 1.4702652002799645
10.639999999999818, 4.067421634937665, 1.4552264692647023
10.649999999999817, 4.104239973689647, 1.5053478721789633
10.659999999999817, 4.132309210130596, 1.4844617461224445
10.669999999999817, 4.1394171775064095, 1.4665830040108367
10.679999999999817, 4.191014061777685, 1.4437359867116266
10.689999999999817, 4.178831658916168, 1.4282335153333294
10.699999999999816, 4.19098247963677, 1.439341161776873
10.709999999999816, 4.205398562119779, 1.4344883135548685
10.719999999999816, 4.215058984746375, 1.4412482846846515
10.729999999999816, 4.20714915925107, 1.4873442608301577
10.739999999999815, 4.231957505840946, 1.4916668417867593
10.749999999999815, 4.246081900452596, 1.462622257084962
10.759999999999815, 4.279844613817514, 1.4878658217142033
10.769999999999815, 4.2604417191688855, 1.4995559978859694
10.779999999999815, 4.237207973485765, 1.503501520083229
10.789999999999814, 4.246976997105492, 1.4744541639947346
10.799999999999814, 4.260025016240762, 1.5075305388150193
10.809999999999814, 4.283569449143273, 1.4997763266114112
10.819999999999814, 4.29484586943498, 1.4950983259285366
10.829999999999814, 4.322502475103178, 1.4749023292233643
10.839999999999813, 4.335509347278033, 1.4676755080169628
10.849999999999813, 4.339736885621559, 1.4719973062529124
10.859999999999813, 4.343971126732948, 1.4832499034270337
10.869999999999813, 4.342188850938295, 1.4545501834741439
10.879999999999812, 4.312797560509198, 1.4371051375454609
10.889999999999812, 4.322402511190954, 1.411291994200158
10.899999999999812, 4.349858249049251, 1.4111333984012278
10.909999999999812, 4.362091153098423, 1.3941824914537437
10.919999999999812, 4.419822732462097, 1.3792008001887996
10.929999999999811, 4.450236114973191, 1.360640343159249
10.939999999999811, 4.4745226775886255, 1.3736712462394007
10.949999999999811, 4.474637541524771, 1.391733265816018
10.95999999999981, 4.4748124224255745, 1.4001855059194033
10.96999999999981, 4.504870910513226, 1.4233038092829349
10.97999999999981, 4.526776030659636, 1.4196256983310525
10.98999999999981, 4.520417818013256, 1.46668975829617
10.99999999999981, 4.518107168864979, 1.4852771250308534
11.00999999999981, 4.513690683994789, 1.5139923881366446
11.01999999999981, 4.527691253418118, 1.5152837933550587
11.02999999999981, 4.515601527902417, 1.49289241808381
11.039999999999809, 4.506595301096089, 1.4943633532739589
11.049999999999809, 4.497824895463697, 1.4697706285601508
11.059999999999809, 4.489762245734797, 1.4546037068565707
11.069999999999808, 4.50735442890521, 1.408732598852552
11.079999999999808, 4.511239871887283, 1.4139661523550446
11.089999999999808, 4.51746855812022, 1.4216597495396408
11.099999999999808, 4.53307341399316, 1.4418809065114628
11.109999999999808, 4.55126550252395, 1.4887869709723018
11.119999999999807, 4.5623136218946625, 1.5136145001319083
11.129999999999807, 4.584572540657201, 1.5319190972845902
11.139999999999807, 4.619061875033084, 1.5033551193424828
11.149999999999807, 4.614459065741393, 1.4940878072847994
11.159999999999807, 4.637687864290315, 1.5058185374960282
11.169999999999806, 4.648683097211512, 1.511070946688043
11.179999999999806, 4.627855772471998, 1.5159283486885622
11.189999999999806, 4.619789939900003, 1.5068949887443928
11.199999999999806, 4.620625556911425, 1.5254551321432552
11.209999999999805, 4.623533091345, 1.4844984738192448
11.219999999999805, 4.626246244335483, 1.5313568615633948
11.229999999999805, 4.639014408919809, 1.5306641550185487
11.239999999999805, 4.636447527122056, 1.5261556061720751
11.249999999999805, 4.62225567488715, 1.5220170695904407
11.259999999999804, 4.620222474951783, 1.4969630620227208
11.269999999999804, 4.606144613283186, 1.5307661868992255
11.279999999999804, 4.596044328181775, 1.5306675308779634
11.289999999999804, 4.599715947990811, 1.5439481418424412
11.299999999999804, 4.622031364643663, 1.5434602898509664
11.309999999999803, 4.638606467521274, 1.5616645510952907
11.319999999999803, 4.642334427341596, 1.5442541589586192
11.329999999999803, 4.646672298097357, 1.5905887089306179
11.339999999999803, 4.647618634560437, 1.6197795589395787
11.349999999999802, 4.635731712723434, 1.6302983107733466
11.359999999999802, 4.616935623575474, 1.6518629608932087
11.369999999999802, 4.629316851204596, 1.6261449552888083
11.379999999999802, 4.63049998454811, 1.611354203268666
11.389999999999802, 4.633613853310361, 1.5987731663294258
11.399999999999801, 4.614420591693527, 1.5829579633488224
11.409999999999801, 4.612041602731586, 1.5916891199971688
11.419999999999801, 4.603455907514555, 1.615693210888676
11.4299999999998, 4.586486923085489, 1.59066833277449
11.4399999999998, 4.572035996965196, 1.5642154566691784
11.4499999999998, 4.558024445694882, 1.5507077915504728
11.4599999999998, 4.552043807768019, 1.6031580686351092
11.4699999999998, 4.531573380347324, 1.5928357572003087
11.4799999999998, 4.565453891113105, 1.574820279350692
11.4899999999998, 4.568515227718194, 1.5484757621131298
11.4999999999998, 4.556324689637591, 1.5551777128921929
11.509999999999799, 4.550357316929059, 1.5324660183842038
11.519999999999799, 4.565755326401083, 1.554710277217838
11.529999999999799, 4.566797707194934, 1.543184220097926
11.539999999999798, 4.556772852830498, 1.5177483233109437
11.549999999999798, 4.561770750655092, 1.5173811964284525
11.559999999999798, 4.547633803024252, 1.5127787377753898
11.569999999999798, 4.540918997997892, 1.4717087555556274
11.579999999999798, 4.5457895308838046, 1.4634972252674971
11.589999999999797, 4.549971288748791, 1.4569574247712538
11.599999999999797, 4.545424566150839, 1.4329854535056645
11.609999999999797, 4.541712999247543, 1.4588918763231498
11.619999999999797, 4.581011240904131, 1.4551821947707635
11.629999999999797, 4.584052796610255, 1.4360700584506398
11.639999999999796, 4.599603295181148, 1.424068144964708
11.649999999999796, 4.584581786571879, 1.4005589089765431
11.659999999999796, 4.58707577238719, 1.4302137986118402
11.669999999999796, 4.603174215064858, 1.4424101658489084
11.679999999999795, 4.6181966570826996, 1.4216931561638755
11.689999999999795, 4.621039087407006, 1.4088925155043366
11.699999999999795, 4.645764795051681, 1.4386305876627772
11.709999999999795, 4.638630256585647, 1.4693405557627157
11.719999999999795, 4.65905465151876, 1.4778861398473564
11.729999999999794, 4.648680297630448, 1.4693450849201042
11.739999999999794, 4.634632796724555, 1.516446151963708
11.749999999999794, 4.669012616229378, 1.5211974092011096
11.759999999999794, 4.675386854896387, 1.496324597551927
11.769999999999794, 4.672958838497516, 1.4923356499450857
11.779999999999793, 4.675662030828657, 1.4915415041432496
11.789999999999793, 4.678315459891139, 1.5000285182672415
11.799999999999793, 4.678565246405652, 1.524776908665293
11.809999999999793, 4.678916318677386, 1.5247626267782821
11.819999999999792, 4.679266803868258, 1.522941719869246
11.829999999999792, 4.652857177846143, 1.532526748113024
11.839999999999792, 4.64052882568108, 1.5281047304776072
11.849999999999792, 4.621428011970774, 1.5059225950043846
11.859999999999792, 4.650655591601618, 1.4810233619121025
11.869999999999791, 4.6332033024838, 1.4745998964762053
11.879999999999791, 4.672420929620945, 1.4829403031962822
11.889999999999791, 4.699660212014356, 1.4790963153770622
11.89999999999979, 4.687030553930896, 1.4626111094345264
11.90999999999979, 4.689532229818697, 1.4882060579403384
11.91999999999979, 4.687568013530425, 1.4961830367047504
11.92999999999979, 4.688253169137354, 1.4745401579960389
11.93999999999979, 4.718573813660566, 1.4668711286703822
11.94999999999979, 4.699069502026125, 1.4756650618817522
11.95999999999979, 4.712148021100381, 1.4513821697536944
11.96999999999979, 4.685348058199937, 1.4751323599114041
11.979999999999789, 4.72358905847003, 1.4587802974314956
11.989999999999789, 4.7119616054370255, 1.4505213454820425
11.999999999999789, 4.701152345326944, 1.4587268053336109
12.009999999999788, 4.712778545071264, 1.442446486242359
12.019999999999788, 4.746998331909496, 1.4673303306848673
12.029999999999788, 4.764871720638098, 1.4589837157410601
12.039999999999788, 4.744875367906543, 1.468232731233601
12.049999999999788, 4.748693271998671, 1.48900094714501
12.059999999999787, 4.786788922739839, 1.4728140525637137
12.069999999999787, 4.769735403346424, 1.459024219502561
12.079999999999787, 4.771996853726327, 1.4760736846463858
12.089999999999787, 4.7354754079094095, 1.5067298185885376
12.099999999999786, 4.752880771253242, 1.5182663216946781
12.109999999999786, 4.742309665056115, 1.5524155986933421
12.119999999999786, 4.733450610853655, 1.578277394723486
12.129999999999786, 4.749905990772141, 1.5842471825459656
12.139999999999786, 4.742226827021395, 1.5669736067941074
12.149999999999785, 4.724984286476868, 1.5497142259434415
12.159999999999785, 4.743300209394198, 1.5253292899033077
12.169999999999785, 4.7816546550548225, 1.5331599153389073
12.179999999999785, 4.7519704767855675, 1.5297050806222965
12.189999999999785, 4.773884109504226, 1.5830827738958164
12.199999999999784, 4.78345917131456, 1.5745807326508066
12.209999999999784, 4.7903105571644815, 1.5524757068136383
12.219999999999784, 4.823783283497206, 1.5755240600141895
12.229999999999784, 4.8379740006705, 1.5861567004306616
12.239999999999783, 4.808448415742703, 1.5726174634032264
12.249999999999783, 4.8016086727044796, 1.5577706214149347
12.259999999999783, 4.784986862245809, 1.5697254007649928
12.269999999999783, 4.775911889781536, 1.5776903791629011
12.279999999999783, 4.776670230932221, 1.563739581640604
12.289999999999782, 4.766464347255928, 1.5448116914348848
12.299999999999782, 4.7617948648404385, 1.5195039346927925
12.309999999999782, 4.755418637098707, 1.5010306723747662
12.319999999999782, 4.731719128157508, 1.5262018420885453
12.329999999999782, 4.72715331402436, 1.5075085905430305
12.339999999999781, 4.713120690466703, 1.501153816873087
12.349999999999781, 4.740361104316069, 1.5032848714502955
12.359999999999781, 4.757738859724952, 1.491320735375568
12.36999999999978, 4.763809868000906, 1.5000649965544335
12.37999999999978, 4.78554693510332, 1.4795199955241878
12.38999999999978, 4.764866376684827, 1.4667702412288006
12.39999999999978, 4.774268169665113, 1.4436456573549172
12.40999999999978, 4.817292928838108, 1.4168461736174696
12.41999999999978, 4.850996057412491, 1.3948336085567556
12.42999999999978, 4.878938138344375, 1.3801729718129323
12.43999999999978, 4.921048461237753, 1.3951596967159359
12.449999999999779, 4.919736669697627, 1.4368783165849823
12.459999999999779, 4.93467064659675, 1.4149259539752113
12.469999999999779, 4.944966059879703, 1.4350902511771235
12.479999999999778, 4.9575986251164945, 1.4358366905489917
12.489999999999778, 4.9362754847802535, 1.424980193789927
12.499999999999778, 4.947486621887148, 1.438142953064146
12.509999999999778, 4.9641971091318124, 1.4187011301662682
12.519999999999778, 4.955492848931827, 1.4420233410808958
12.529999999999777, 4.975909895811966, 1.4538148265279531
12.539999999999777, 5.0126412574331916, 1.4682556178706272
12.549999999999777, 4.999537419526127, 1.464488369534755
12.559999999999777, 4.983504045036144, 1.4629671603636785
12.569999999999776, 4.994664278448838, 1.5079955020094833
12.579999999999776, 4.979295461491956, 1.5351907374272051
12.589999999999776, 5.008917361623053, 1.5369364480239898
12.599999999999776, 5.012003701195152, 1.5628809712805434
12.609999999999776, 5.023797922427041, 1.6035696048382155
12.619999999999775, 5.015459337966599, 1.5798076272759725
12.629999999999775, 5.029960932360918, 1.5774256157305555
12.639999999999775, 5.068451318685884, 1.557070471456368
12.649999999999775, 5.079660252314734, 1.5770142470275172
12.659999999999775, 5.083934969977608, 1.5788153845235868
12.669999999999774, 5.057581433527784, 1.5988379762116736
12.679999999999774, 5.038115037302751, 1.588930026560416
12.689999999999774, 5.02085770049444, 1.582842827104935
12.699999999999774, 5.050167579045721, 1.575613563905303
12.709999999999773, 5.0673634712866145, 1.577498909811397
12.719999999999773, 5.068249473660148, 1.5677734181731957
12.729999999999773, 5.057103538573362, 1.547494609869206
12.739999999999773, 5.077833282967185, 1.5439901637789546
12.749999999999773, 5.096257896762399, 1.5676235733787387
12.759999999999772, 5.130672634913674, 1.6088119127551663
12.769999999999772, 5.130967279023126, 1.6274217058953724
12.779999999999772, 5.1692212841773, 1.5933106490445261
12.789999999999772, 5.1668166389795465, 1.621171482102293
12.799999999999772, 5.173016451162519, 1.5909470999079975
12.809999999999771, 5.179304685972642, 1.5681818240661334
12.819999999999771, 5.1796328437892045, 1.5760925506503258
12.829999999999771, 5.1959047137127605, 1.5483015302591212
12.83999999999977, 5.1762726195776905, 1.5518845296174042
12.84999999999977, 5.165066377777211, 1.5554972093875903
12.85999999999977, 5.1822074816991215, 1.5244481528526497
12.86999999999977, 5.180210402848351, 1.512104664252969
12.87999999999977, 5.168114379110164, 1.4848324305476008
12.88999999999977, 5.185441716424081, 1.4660798562490671
12.89999999999977, 5.168371639316753, 1.4607650596014605
12.90999999999977, 5.207042620997424, 1.4321518846981742
12.919999999999769, 5.190804754514859, 1.4327468547786173
12.929999999999769, 5.193953734107866, 1.4812629670792976
12.939999999999769, 5.194568560936798, 1.5109196869872472
12.949999999999768, 5.182470881475947, 1.5185605159742852
12.959999999999768, 5.141378585938286, 1.5479267516426167
12.969999999999768, 5.13946975669532, 1.534252375073532
12.979999999999768, 5.1204182393625945, 1.5820215791813845
12.989999999999768, 5.13028878035491, 1.6052596897594575
12.999999999999767, 5.089002035925374, 1.607561362761189
13.009999999999767, 5.093020430910561, 1.6091181177921856
13.019999999999767, 5.13144123382745, 1.6262045441834703
13.029999999999767, 5.158813766842918, 1.6201785805952773
13.039999999999766, 5.186056849065157, 1.573388911278519
13.049999999999766, 5.198684034870285, 1.591513467773561
13.059999999999766, 5.228146462946805, 1.5789101421180196
13.069999999999766, 5.244452966583253, 1.5847283450408192
13.079999999999766, 5.230030274206682, 1.5592531606118192
13.089999999999765, 5.247082092660317, 1.5738911500999548
13.099999999999765, 5.28129826158353, 1.561457207190896
13.109999999999765, 5.279057252272009, 1.5334735434071551
13.119999999999765, 5.261666448735278, 1.5088090982202242
13.129999999999765, 5.246981332228845, 1.501838857613787
13.139999999999764, 5.253890080439393, 1.462288381900942
13.149999999999764, 5.2428669897578, 1.4872818798987406
13.159999999999764, 5.260129100300985, 1.4577568554275115
13.169999999999764, 5.258364428098197, 1.406901387760963
13.179999999999763, 5.297173835299538, 1.4252771089990461
13.189999999999763, 5.3002815940677115, 1.416543735898151
13.199999999999763, 5.291484988453784, 1.4346121036307975
13.209999999999763, 5.265343339597027, 1.437921817673708
13.219999999999763, 5.282040649755053, 1.4222590973070355
13.229999999999762, 5.304358238593292, 1.4086287368145718
13.239999999999762, 5.343140664968652, 1.415687789832198
13.249999999999762, 5.361700273179005, 1.4039329129073506
13.259999999999762, 5.378431690429934, 1.3973614404060464
13.269999999999762, 5.358511443805503, 1.3756402825660878
13.279999999999761, 5.368354584598965, 1.3527495630309083
13.289999999999761, 5.39628235531805, 1.3561882128611753
13.299999999999761, 5.390481215615101, 1.3504784993182324
13.30999999999976, 5.382018167606802, 1.3637156348627768
13.31999999999976, 5.365078201288317, 1.3769388174933244
13.32999999999976, 5.3658227331871835, 1.3487226119766613
13.33999999999976, 5.396452829441657, 1.3355279151657433
13.34999999999976, 5.421993322150429, 1.3363977626946923
13.35999999999976, 5.428797568119247, 1.3111803007254539
13.36999999999976, 5.472922156847363, 1.3185901333148449
13.37999999999976, 5.495526232926174, 1.3265121474618333
13.389999999999759, 5.502338454544709, 1.3316780489325688
13.399999999999759, 5.500107953194558, 1.3386442164986991
13.409999999999759, 5.504556528206924, 1.3095429207819835
13.419999999999758, 5.507844876762338, 1.31685016410314
13.429999999999758, 5.524609736085103, 1.3177747421667696
13.439999999999758, 5.534530996074039, 1.3218381265307226
13.449999999999758, 5.560057016267409, 1.3166829802444897
13.459999999999757, 5.54573194226213, 1.3037201977846238
13.469999999999757, 5.5442098043211026, 1.3117350637181346
13.479999999999757, 5.574240355224367, 1.2988973977106042
13.489999999999757, 5.557352161308663, 1.2999859604972512
13.499999999999757, 5.558639491046832, 1.2956597303209125
13.509999999999756, 5.546888725064592, 1.3095074718776436
13.519999999999756, 5.55720663317001, 1.3050372338944378
13.529999999999756, 5.601315628672274, 1.2993959670774209
13.539999999999756, 5.611247227705421, 1.2889455293832264
13.549999999999756, 5.621199685998741, 1.2682724023483871
13.559999999999755, 5.65085239360939, 1.2586143531209264
13.569999999999755, 5.702690875201558, 1.2274231220871357
13.579999999999755, 5.72771418520835, 1.2357717394971337
13.589999999999755, 5.719346771405094, 1.2095413914068818
13.599999999999755, 5.699560444709358, 1.2415990140958981
13.609999999999754, 5.7128841789585, 1.250776997476087
13.619999999999754, 5.75274714011641, 1.2590171706001803
13.629999999999754, 5.765934324941131, 1.2547906951555303
13.639999999999754, 5.7728353256793605, 1.2539487932610787
13.649999999999753, 5.791636695593114, 1.241720991913726
13.659999999999753, 5.7686364771687035, 1.2565769741539579
13.669999999999753, 5.76650836273577, 1.2366413527618694
13.679999999999753, 5.78344215575351, 1.246052677996313
13.689999999999753, 5.773744365328626, 1.2481907776158223
13.699999999999752, 5.75693623860783, 1.261355220665442
13.709999999999752, 5.78495908402405, 1.2538816697773143
13.719999999999752, 5.801912153262443, 1.2645398648635005
13.729999999999752, 5.778966468193538, 1.2810005082715568
13.739999999999752, 5.765612942802415, 1.2765917467887584
13.749999999999751, 5.782450268656691, 1.2549804668207658
13.759999999999751, 5.768911470958897, 1.2239728993857413
13.76999999999975, 5.77225665968177, 1.2336721528726071
13.77999999999975, 5.7822578774126185, 1.2564420700948402
13.78999999999975, 5.794980981706615, 1.2468430263902066
13.79999999999975, 5.83016379614025, 1.2599521944150949
13.80999999999975, 5.794596400682638, 1.2570781313313515
13.81999999999975, 5.790632222343075, 1.2623855018055836
13.82999999999975, 5.808738440054537, 1.245994931391742
13.83999999999975, 5.822065292359904, 1.289846928653764
13.84999999999975, 5.822989594996978, 1.2850816780231973
13.859999999999749, 5.8540600797504405, 1.273220234027535
13.869999999999749, 5.852593034083899, 1.2421610527284506
13.879999999999749, 5.851126224369867, 1.2265976599963029
13.889999999999748, 5.815558607111547, 1.1896502698901146
13.899999999999748, 5.820710536323147, 1.1801760993639314
13.909999999999748, 5.821910632803361, 1.1464868772532797
13.919999999999748, 5.828808139484427, 1.164394046973282
13.929999999999747, 5.842651730251279, 1.1816787415086878
13.939999999999747, 5.857380323532951, 1.1724031932244314
13.949999999999747, 5.885298088271503, 1.1416275821395636
13.959999999999747, 5.871939090258078, 1.114802773069704
13.969999999999747, 5.870348583802389, 1.0874803084630174
13.979999999999746, 5.892873786137494, 1.080864098045392
13.989999999999746, 5.944700219597227, 1.0860683679267926
13.999999999999746, 5.951578244833769, 1.06430877085665
14.009999999999746, 5.958881850463165, 1.0511678552001535
14.019999999999746, 5.97460374910775, 1.0318709565141655
14.029999999999745, 5.979731928331053, 1.012633528262009
14.039999999999745, 6.0186177978291, 1.0122211009170448
14.049999999999745, 5.99993870968177, 1.012249552097325
14.059999999999745, 5.976913964159759, 1.027489631452828
14.069999999999744, 5.980191435767346, 1.0255329029914955
14.079999999999744, 5.963356458078638, 1.0083022281799996
14.089999999999744, 5.967390524570061, 1.0055775043962905
14.099999999999744, 5.955650415479281, 0.9942014726258565
14.109999999999744, 5.941381156921014, 1.02680691815022
14.119999999999743, 5.9720804030521135, 1.0095633888786282
14.129999999999743, 5.994720474796498, 1.0161129236224808
14.139999999999743, 6.034553733406586, 1.0269082896487216
14.149999999999743, 6.064261400613085, 1.0486539804013142
14.159999999999743, 6.098301502833626, 1.0122502263168096
14.169999999999742, 6.112999186723818, 1.0123000553481092
14.179999999999742, 6.096162995382854, 0.9916789566449106
14.189999999999742, 6.130991213671166, 0.9976612418649984
14.199999999999742, 6.136344641186564, 0.9973354190316888
14.209999999999742, 6.119498197560222, 0.954552721102669
14.219999999999741, 6.140546747833923, 0.9411477002630594
14.229999999999741, 6.141358253626627, 0.9522124072868732
14.23999999999974, 6.140032019081103, 0.9583297445023871
14.24999999999974, 6.162651560287361, 0.9819606687709213
14.25999999999974, 6.169929095564002, 0.9817037689484372
14.26999999999974, 6.185627353302814, 0.9889129031992128
14.27999999999974, 6.22076738891809, 0.9683860886987973
14.28999999999974, 6.238344491978786, 0.9600163987025966
14.29999999999974, 6.2124063872662045, 0.954154776834695
14.30999999999974, 6.251333050466738, 0.9602920447431634
14.31999999999974, 6.23754061485697, 0.949267834556924
14.329999999999739, 6.242218051817484, 0.922533169657921
14.339999999999739, 6.273219054785617, 0.9412093550390075
14.349999999999739, 6.2534505943624135, 0.93511893464027
14.359999999999738, 6.242667456378879, 0.9578756865986284
14.369999999999738, 6.272714459178996, 0.9787408096812678
14.379999999999738, 6.27108358575876, 1.0013648537682303
14.389999999999738, 6.28799637048295, 1.008026658017767
14.399999999999737, 6.302321935534773, 1.0234961793652069
14.409999999999737, 6.324957441816403, 1.0124846725826093
14.419999999999737, 6.3062699181711555, 1.0093458252353147
14.429999999999737, 6.309905929351085, 1.0248170388832685
14.439999999999737, 6.314607095604485, 0.9972672996933614
14.449999999999736, 6.3059833730456765, 0.986346282232167
14.459999999999736, 6.298635624156558, 0.9865438319519141
14.469999999999736, 6.326508652149772, 1.0073370289985237
14.479999999999736, 6.309664531852545, 0.9960619394027524
14.489999999999736, 6.297903734769378, 0.9692025929796171
14.499999999999735, 6.284310843146799, 0.9753239423444308
14.509999999999735, 6.30802986282431, 0.9690968823184696
14.519999999999735, 6.2882707888316745, 0.9482929320373558
14.529999999999735, 6.26521500333017, 0.9703644329265981
14.539999999999734, 6.283269047551392, 0.9813835243435499
14.549999999999734, 6.312298526878615, 0.9685870825850579
14.559999999999734, 6.3291903898845066, 0.9669152185301952
14.569999999999734, 6.334287642673186, 0.940894794920624
14.579999999999734, 6.347412715709232, 0.9515594880074826
14.589999999999733, 6.338992598428324, 0.9570459019286562
14.599999999999733, 6.3570380072162465, 0.9811020682122507
14.609999999999733, 6.387711137340346, 0.984006530778996
14.619999999999733, 6.415579468733089, 0.9631837539428219
14.629999999999733, 6.405820688370151, 0.9498653416263133
14.639999999999732, 6.418945594288028, 0.9726386360695907
14.649999999999732, 6.409190640412059, 0.9616401171245281
14.659999999999732, 6.3974119719937645, 0.9796855241640279
14.669999999999732, 6.3960848111740605, 0.9708200611597931
14.679999999999731, 6.379218844435284, 0.9753088087425177
14.689999999999731, 6.3961177608902, 0.9851959911474301
14.699999999999731, 6.396965213935833, 0.9740207236250668
14.70999999999973, 6.385192353709545, 0.9920188533814053
14.71999999999973, 6.3660105297961165, 0.9713661669369349
14.72999999999973, 6.404936770540524, 0.9991817795167562
14.73999999999973, 6.3880815495993195, 0.9836943787869807
14.74999999999973, 6.405657217649093, 0.9947161209927345
14.75999999999973, 6.41808778372336, 1.003862617712496
14.76999999999973, 6.423195326544616, 0.992956656524687
14.77999999999973, 6.400150915393137, 1.0028009815030572
14.78999999999973, 6.428025843706889, 1.0253914781886948
14.799999999999729, 6.432558497752951, 1.0044415003021498
14.809999999999729, 6.4622475349888, 0.9804949738703723
14.819999999999729, 6.460608759114249, 0.9592168145306154
14.829999999999728, 6.461441935197661, 0.9555510063536851
14.839999999999728, 6.492444693962691, 0.9445055419951239
14.849999999999728, 6.476334376264173, 0.9557084682961373
14.859999999999728, 6.457617404857048, 0.953911757562748
14.869999999999727, 6.4616136497561385, 0.9725786303676928
14.879999999999727, 6.500469058892293, 0.9639812261900171
14.889999999999727, 6.523073232976583, 0.938043910765237
14.899999999999727, 6.5456633018501025, 0.9122098071212992
14.909999999999727, 6.532027953428116, 0.9345274724305652
14.919999999999726, 6.550747155026123, 0.9288819079126205
14.929999999999726, 6.578580074024275, 0.9266355228881573
14.939999999999726, 6.5754368263939025, 0.8969168044323211
14.949999999999726, 6.580065023276584, 0.9059712058458369
14.959999999999726, 6.583307220730256, 0.8875444055381034
14.969999999999725, 6.593193792660211, 0.8690189736238229
14.979999999999725, 6.607431633245393, 0.8835430265756129
14.989999999999725, 6.631081951178482, 0.8820766897601773
14.999999999999725, 6.68923680720336, 0.849594215022053
15.009999999999724, 6.6994687800890915, 0.8245087720397181
15.019999999999724, 6.717400040085059, 0.8165315440750278
15.029999999999724, 6.703676639531173, 0.8115781267278385
15.039999999999724, 6.6874556284939475, 0.819659669403023
15.049999999999724, 6.677390097600977, 0.7943635656645638
15.059999999999723, 6.681930959108644, 0.8006013122565964
15.069999999999723, 6.704278050163699, 0.7857610224088558
15.079999999999723, 6.717262512673501, 0.7868953682469692
15.089999999999723, 6.72035688347719, 0.7945620853565077
15.099999999999723, 6.697159310843677, 0.8022028599837524
15.109999999999722, 6.718067028487323, 0.8106792905376593
15.119999999999722, 6.731204309193309, 0.7883757717842772
15.129999999999722, 6.735564538040213, 0.7684649811506551
15.139999999999722, 6.758005472158944, 0.79040116666715
15.149999999999721, 6.755992201606635, 0.7779285662511551
15.159999999999721, 6.746069810492939, 0.7751618800015433
15.169999999999721, 6.744045330257973, 0.7522483974443784
15.17999999999972, 6.762600807010524, 0.7498974926481502
15.18999999999972, 6.754761484507618, 0.7572238585485339
15.19999999999972, 6.751464621887747, 0.7394801003854142
15.20999999999972, 6.761204757605512, 0.7675710214567826
15.21999999999972, 6.767870707289781, 0.7742258749042615
15.22999999999972, 6.747934191442983, 0.7781309866535359
15.23999999999972, 6.7778131693246, 0.7728797966018027
15.24999999999972, 6.793320417411003, 0.770152556284446
15.25999999999972, 6.787398316624125, 0.7788358866799749
15.269999999999719, 6.77858689153764, 0.7620317643942592
15.279999999999719, 6.776873967629379, 0.7958639488556498
15.289999999999718, 6.7667711444313445, 0.815322166452857
15.299999999999718, 6.725883576181866, 0.800720602469914
15.309999999999718, 6.723885887256111, 0.8044881912158488
15.319999999999718, 6.7161045983883785, 0.8051397667845382
15.329999999999718, 6.751093571199319, 0.7871818882362988
15.339999999999717, 6.731172632591535, 0.7703125984502972
15.349999999999717, 6.734290766659285, 0.7650754545581079
15.359999999999717, 6.785898830164705, 0.7400226269462404
15.369999999999717, 6.756616056921738, 0.7151133127331609
15.379999999999717, 6.777429711247047, 0.7239671267105388
15.389999999999716, 6.807249030897002, 0.7139896405152185
15.399999999999716, 6.837671634048198, 0.7372478903605711
15.409999999999716, 6.856187207319133, 0.717634472588742
15.419999999999716, 6.843997571655445, 0.703497154413289
15.429999999999715, 6.826869167450418, 0.6774567066031557
15.439999999999715, 6.82524715730601, 0.6845183174294475
15.449999999999715, 6.8317984702140775, 0.6772471709129572
15.459999999999715, 6.83876889243378, 0.7064593820090839
15.469999999999715, 6.867526578383669, 0.7110879928183159
15.479999999999714, 6.865734780550947, 0.7037637471395882
15.489999999999714, 6.855513345326632, 0.7168495982415337
15.499999999999714, 6.841659940808429, 0.74214214360524
15.509999999999714, 6.821076819384398, 0.7263624124807735
15.519999999999714, 6.8376208008404955, 0.7485416518661053
15.529999999999713, 6.858446150522885, 0.7340424321107508
15.539999999999713, 6.8757777312417705, 0.7266193418318057
15.549999999999713, 6.8619287110509095, 0.7168614286432415
15.559999999999713, 6.890690476931929, 0.6913855283583847
15.569999999999713, 6.880637982850142, 0.6930673641127132
15.579999999999712, 6.866934525154392, 0.6883087992321724
15.589999999999712, 6.846283346727284, 0.6808543818633752
15.599999999999712, 6.816917897628294, 0.6788785739774915
15.609999999999712, 6.817775986974817, 0.6715589455106126
15.619999999999711, 6.836225601758779, 0.646940096259464
15.629999999999711, 6.861456697610362, 0.6374387777701638
15.639999999999711, 6.875777397984349, 0.6353130393548758
15.64999999999971, 6.876258357891418, 0.6595295803257616
15.65999999999971, 6.885870722658077, 0.6836557899049124
15.66999999999971, 6.901250109042717, 0.7077753413179303
15.67999999999971, 6.893324249006095, 0.7369515773376558
15.68999999999971, 6.898173648549361, 0.7499395378070571
15.69999999999971, 6.894118383747565, 0.7494706562861426
15.70999999999971, 6.895165596802444, 0.7396432751153109
15.71999999999971, 6.890899588235893, 0.7389737752948258
15.729999999999709, 6.8832986610442735, 0.722430789545182
15.739999999999709, 6.9006094914777885, 0.7151950369000962
15.749999999999709, 6.888569658614725, 0.7103739940227642
15.759999999999708, 6.928099675461636, 0.7325787487441363
15.769999999999708, 6.945407175221032, 0.7524408412751432
15.779999999999708, 6.909536353075478, 0.760988906099534
15.789999999999708, 6.953423780198141, 0.7777676307600341
15.799999999999708, 6.981067225278759, 0.7730581119745057
15.809999999999707, 6.971079530305776, 0.7586178215463182
15.819999999999707, 6.98888105575212, 0.7338359895572377
15.829999999999707, 6.977822481950447, 0.7335381269733607
15.839999999999707, 7.021655412624304, 0.7489366029840696
15.849999999999707, 7.060237236186597, 0.7479615973939725
15.859999999999706, 7.069879047475834, 0.7470400485897815
15.869999999999706, 7.057807420738302, 0.7571415271033002
15.879999999999706, 7.016777068789641, 0.7764874459729838
15.889999999999706, 7.0334325220249365, 0.7715229839045729
15.899999999999705, 7.063847188376817, 0.8132843207760283
15.909999999999705, 7.0816828777154095, 0.8370829646205058
15.919999999999705, 7.094761389640349, 0.8379634908588278
15.929999999999705, 7.142063888082856, 0.8222560105576029
15.939999999999705, 7.1300623702683135, 0.8401443318401879
15.949999999999704, 7.128336159547221, 0.849907985259773
15.959999999999704, 7.120789227973994, 0.8447813466441736
15.969999999999704, 7.150200191949878, 0.8348055429791432
15.979999999999704, 7.129627552805017, 0.823195565934033
15.989999999999704, 7.127880726617162, 0.8562098899924259
15.999999999999703, 7.11576530972634, 0.8808790093648627
16.009999999999703, 7.14358818098437, 0.8755941349428733
16.019999999999705, 7.139402140451502, 0.8508173977708928
16.029999999999706, 7.140077679245528, 0.8314468019253516
16.039999999999708, 7.120671776320452, 0.811285271932884
16.04999999999971, 7.151105206336422, 0.7968472838624757
16.05999999999971, 7.139067317367133, 0.7825144459167195
16.069999999999713, 7.186284695211913, 0.783712327066438
16.079999999999714, 7.172193150464502, 0.7663514232078167
16.089999999999716, 7.18220613311137, 0.7863854731434071
16.099999999999717, 7.226027251216939, 0.8325634184279211
16.10999999999972, 7.231116266320779, 0.819157908457616
16.11999999999972, 7.25189333536657, 0.8112846663647373
16.129999999999722, 7.237812659223093, 0.8497743037608045
16.139999999999723, 7.201961480347388, 0.8735483499604221
16.149999999999725, 7.229640991640527, 0.8982234025297438
16.159999999999727, 7.287699852291577, 0.922187773290943
16.169999999999728, 7.312538959027037, 0.9336248038738165
16.17999999999973, 7.310213868567613, 0.9155276753365144
16.18999999999973, 7.337912536121916, 0.8960464713740548
16.199999999999733, 7.318522778864534, 0.8870066358564477
16.209999999999734, 7.335214509520626, 0.8883614863561538
16.219999999999736, 7.299380282650107, 0.8767304062295797
16.229999999999738, 7.293430287630724, 0.8988220885340171
16.23999999999974, 7.307557550888138, 0.9316761137703724
16.24999999999974, 7.3205488560917455, 0.9603262842043974
16.259999999999742, 7.300673623289036, 1.0058112775660644
16.269999999999744, 7.284519731131134, 1.0130336752077829
16.279999999999745, 7.308180167577369, 1.0163468808102698
16.289999999999747, 7.301754752913977, 0.9989536640134685
16.29999999999975, 7.272615740327302, 0.9905691839096441
16.30999999999975, 7.300518351509447, 0.9636996308852572
16.31999999999975, 7.301693879098498, 0.9489465167922817
16.329999999999753, 7.299873157719007, 0.9229258498602789
16.339999999999755, 7.300532545332534, 0.9154730837704678
16.349999999999756, 7.335496157001443, 0.9062810956559835
16.359999999999758, 7.375116806406334, 0.9075570544572623
16.36999999999976, 7.378927350162703, 0.9316619642703858
16.37999999999976, 7.406625478187947, 0.9065671554863314
16.389999999999763, 7.377344432182081, 0.9588986994466234
16.399999999999764, 7.378495297915091, 0.9823537954031004
16.409999999999766, 7.395282957189215, 0.9469287000665051
16.419999999999767, 7.354382779575183, 0.9588451078337261
16.42999999999977, 7.3839373820555645, 0.9775832160773221
16.43999999999977, 7.397618458496545, 0.9785265936761522
16.449999999999772, 7.4131929913589865, 1.0018945991868755
16.459999999999773, 7.405748643571313, 1.002311836371282
16.469999999999775, 7.391371318553547, 1.0082951845119483
16.479999999999777, 7.387474355070954, 0.9849122640043965
16.489999999999778, 7.375599987321383, 1.0183590170255272
16.49999999999978, 7.380216798931577, 1.0158024009615891
16.50999999999978, 7.339401036966353, 0.989495703398975
16.519999999999783, 7.34925965896323, 0.966192210445231
16.529999999999784, 7.353153795481983, 0.965228936315114
16.539999999999786, 7.341264724417821, 0.9692698528843622
16.549999999999788, 7.322451433285205, 0.9816911333617292
16.55999999999979, 7.3513823153020805, 0.9940231526390951
16.56999999999979, 7.40952042104987, 0.9678104990642703
16.579999999999792, 7.413011887854248, 0.9715117826546238
16.589999999999794, 7.447698223162703, 0.9692688110404427
16.599999999999795, 7.465132701679439, 0.966364261180414
16.609999999999797, 7.463348291527286, 0.9635006455390925
16.6199999999998, 7.464066943547608, 0.9476097498638937
16.6299999999998, 7.498705037928754, 0.9124978912524498
16.6399999999998, 7.495354951376427, 0.9322813327447605
16.649999999999803, 7.4808556978903, 0.9314752032235462
16.659999999999805, 7.5157786992595055, 0.9025035631780173
16.669999999999806, 7.534257610789192, 0.8560633924793087
16.679999999999808, 7.535039014163795, 0.8575272071311095
16.68999999999981, 7.562541078288565, 0.840373040185327
16.69999999999981, 7.59279318100877, 0.8164358087832054
16.709999999999813, 7.609080071077042, 0.8238324404449556
16.719999999999814, 7.579518562817583, 0.8414143703707851
16.729999999999816, 7.596662674859206, 0.8434768570204345
16.739999999999817, 7.592405451721303, 0.8482349855904401
16.74999999999982, 7.57279337093074, 0.8170797841816446
16.75999999999982, 7.553292592852731, 0.8128171569763435
16.769999999999822, 7.512075048522817, 0.8518371520266494
16.779999999999824, 7.550576466283927, 0.8607450643501169
16.789999999999825, 7.5534578013395235, 0.8586151770498384
16.799999999999827, 7.566221336811636, 0.8389649020533945
16.809999999999828, 7.5398591713733785, 0.8219832360060184
16.81999999999983, 7.567396224873395, 0.8048766031478656
16.82999999999983, 7.580034351733546, 0.7837680030672957
16.839999999999833, 7.570840755531731, 0.7712571472660908
16.849999999999834, 7.587160472286302, 0.7580234046941473
16.859999999999836, 7.625393493628384, 0.7720607063935995
16.869999999999838, 7.615006674737415, 0.8148654199612425
16.87999999999984, 7.642463362611292, 0.8348895300951427
16.88999999999984, 7.645975300034187, 0.836715287589289
16.899999999999842, 7.638123554572826, 0.8325354090250852
16.909999999999844, 7.635443969180465, 0.8258209291859868
16.919999999999845, 7.6496066112868615, 0.8487029057527687
16.929999999999847, 7.640500599074164, 0.8244253956322416
16.93999999999985, 7.651450493644689, 0.8776856702076445
16.94999999999985, 7.615422005288942, 0.8537147174868612
16.95999999999985, 7.603227833891953, 0.844371485092533
16.969999999999853, 7.579737212175595, 0.8307899760725808
16.979999999999855, 7.575465896651325, 0.8120549668949051
16.989999999999856, 7.580312273299811, 0.8348788862613753
16.999999999999858, 7.580682465762383, 0.8106909666238009
17.00999999999986, 7.5834334811509745, 0.8218755710537373
17.01999999999986, 7.612638752286705, 0.851606983610393
17.029999999999863, 7.62487356985684, 0.8277113391864125
17.039999999999864, 7.612444103054226, 0.8127473820549189
17.049999999999866, 7.6429377356440735, 0.8146237720516273
17.059999999999867, 7.638246117627667, 0.8377020214158408
17.06999999999987, 7.629124397264785, 0.8379896344723661
17.07999999999987, 7.629459969841984, 0.8231658260842186
17.089999999999872, 7.609922166215102, 0.8306083127447955
17.099999999999874, 7.607590405517757, 0.8068331094156248
17.109999999999875, 7.6170049571634655, 0.8367077866320395
17.119999999999877, 7.613427299730414, 0.8430864811294421
17.129999999999878, 7.602201491068199, 0.8548389902262923
17.13999999999988, 7.600456094922186, 0.8599344834132675
17.14999999999988, 7.58625869740047, 0.8473095111543897
17.159999999999883, 7.556768931168079, 0.8699504348757052
17.169999999999884, 7.554718927970601, 0.8561176018849178
17.179999999999886, 7.555153154185829, 0.8338834239561068
17.189999999999888, 7.555541028591814, 0.8094836592171377
17.19999999999989, 7.538171099998917, 0.8201002852452215
17.20999999999989, 7.544566093606402, 0.8624301822029643
17.219999999999892, 7.5306119844985515, 0.8452660304927239
17.229999999999894, 7.553942220281801, 0.835793843440978
17.239999999999895, 7.576004277766269, 0.8378348453765229
17.249999999999897, 7.563806919065201, 0.8262740658445912
17.2599999999999, 7.579564452338097, 0.8491010381873316
17.2699999999999, 7.5776300239423335, 0.8576433055090957
17.2799999999999, 7.594810101098646, 0.8692301287352963
17.289999999999903, 7.6295566000526245, 0.8738283384155813
17.299999999999905, 7.632780263545979, 0.9203215806499668
17.309999999999906, 7.637815609937654, 0.9316371641707665
17.319999999999908, 7.689319716157599, 0.9029401004090869
17.32999999999991, 7.67205008998691, 0.9254590621643207
17.33999999999991, 7.723519826160624, 0.906130582917212
17.349999999999913, 7.702765479051009, 0.8816552484793545
17.359999999999914, 7.673256815850976, 0.8628883496503457
17.369999999999916, 7.70346774714588, 0.8650324489132512
17.379999999999917, 7.691221976770926, 0.8988979222480287
17.38999999999992, 7.701163452714238, 0.8818115437093731
17.39999999999992, 7.72974816186918, 0.8817321633794494
17.409999999999922, 7.7332926113084675, 0.8576021030431938
17.419999999999924, 7.715902583752378, 0.8629969866362505
17.429999999999925, 7.736448056766781, 0.8382203097873471
17.439999999999927, 7.716099977126211, 0.8722802615209536
17.44999999999993, 7.743600090429889, 0.8585682473005427
17.45999999999993, 7.765542349815821, 0.8437098039457793
17.46999999999993, 7.74590997790143, 0.8398247103103902
17.479999999999933, 7.726611747089809, 0.8328595059701345
17.489999999999934, 7.755043420417145, 0.8161350220172024
17.499999999999936, 7.759467402635908, 0.812342213840609
17.509999999999938, 7.740072761888634, 0.837820271796581
17.51999999999994, 7.75626140553358, 0.8640477662884155
17.52999999999994, 7.729782950133441, 0.8600010740325794
17.539999999999942, 7.759931010945755, 0.889852105013289
17.549999999999944, 7.766293689752683, 0.918777467711442
17.559999999999945, 7.739950179135576, 0.916756128648919
17.569999999999947, 7.7675393899150516, 0.9016830103551712
17.57999999999995, 7.768371454676431, 0.94403613798604
17.58999999999995, 7.774874729605878, 0.9216963633586343
17.59999999999995, 7.802334809553031, 0.9307374042264497
17.609999999999953, 7.802741404669302, 0.9695882590097331
17.619999999999955, 7.790668902730293, 0.9991574209995332
17.629999999999956, 7.848659291571473, 1.0243558742722625
17.639999999999958, 7.831556332664875, 1.0491307722086263
17.64999999999996, 7.825035544961902, 1.0391696596470712
17.65999999999996, 7.854474946917586, 1.0376151563722908
17.669999999999963, 7.871188287421211, 1.0278002069204275
17.679999999999964, 7.8959616900913225, 1.0205992093162684
17.689999999999966, 7.889974512022866, 1.0221159105457616
17.699999999999967, 7.917596303613626, 1.063836137857025
17.70999999999997, 7.9273713316518215, 1.0535991879943967
17.71999999999997, 7.928327200049089, 1.0278656201540026
17.729999999999972, 7.958740319799599, 1.039025495764927
17.739999999999974, 7.952754550184164, 1.0215071549956212
17.749999999999975, 7.966770402857433, 1.0204179383149483
17.759999999999977, 7.969708960422393, 1.0272880178009103
17.76999999999998, 7.96777965776152, 1.0799000527651734
17.77999999999998, 7.965990772854987, 1.1126264572897362
17.78999999999998, 7.954145944107984, 1.1023342443228168
17.799999999999983, 7.966473252120322, 1.0603205963738085
17.809999999999985, 7.962129734704856, 1.0839854025555717
17.819999999999986, 7.954634955748811, 1.076099923655301
17.829999999999988, 7.950661827182295, 1.0868719501025774
17.83999999999999, 7.9674255971309735, 1.0602735258183391
17.84999999999999, 8.014723781404294, 1.0521543556477402
17.859999999999992, 8.002701565618557, 1.0108060517552484
17.869999999999994, 8.000996135964416, 0.9911670819493545
17.879999999999995, 7.977574105803753, 0.9963310744405003
17.889999999999997, 7.99395995212904, 0.9792732107814194
17.9, 7.976627010720504, 0.9512131984344093
17.91, 7.968721422738372, 0.9386818830560635
17.92, 7.954345142205769, 0.9048023765510668
17.930000000000003, 7.970442579885305, 0.9101555645199813
17.940000000000005, 7.967569504510256, 0.8921805469806025
17.950000000000006, 7.964959352029422, 0.9184174892728736
17.960000000000008, 8.003234343847803, 0.9447782023105353
17.97000000000001, 8.01692762835494, 0.931408971851336
17.98000000000001, 8.012089050786622, 0.9657731665837755
17.990000000000013, 8.042553881404714, 0.931814966780432
18.000000000000014, 8.035439858801308, 0.9430429017930891
18.010000000000016, 8.064438089990807, 0.9186930292339388
18.020000000000017, 8.043827624921581, 0.9313453801725574
18.03000000000002, 8.026221304623013, 0.9161224091412375
18.04000000000002, 8.050435769486878, 0.9100930812137575
18.050000000000022, 8.088440103541734, 0.9045296199032175
18.060000000000024, 8.10551184232502, 0.8988228901059414
18.070000000000025, 8.09086103348335, 0.9246273103963216
18.080000000000027, 8.101443834344556, 0.9043617140217743
18.09000000000003, 8.093072057133385, 0.9150931290007199
18.10000000000003, 8.096647897559324, 0.9290644809779253
18.11000000000003, 8.118381825367747, 0.9723751122868678
18.120000000000033, 8.100765557249115, 0.9847756689646201
18.130000000000035, 8.093766020960999, 0.9608809386047372
18.140000000000036, 8.091405506449854, 0.9446086101483601
18.150000000000038, 8.094620860790872, 0.9475184014457019
18.16000000000004, 8.132693414294657, 0.9463981896566522
18.17000000000004, 8.129621986353222, 0.9475646847376505
18.180000000000042, 8.14201673739325, 0.968931967767278
18.190000000000044, 8.199439920170173, 0.9448264573465384
18.200000000000045, 8.196145684676939, 0.9455623223680243
18.210000000000047, 8.196195302222856, 0.9696202470167834
18.22000000000005, 8.196054805955209, 0.9465416460986902
18.23000000000005, 8.193266679595645, 0.9019758144400083
18.24000000000005, 8.180145138965914, 0.9123520519007192
18.250000000000053, 8.197656785557529, 0.9394349227487842
18.260000000000055, 8.155768682352168, 0.9365415290686638
18.270000000000056, 8.185426340996496, 0.9468998477018163
18.280000000000058, 8.19764627466433, 0.9441625337826531
18.29000000000006, 8.200155655688302, 0.9317434790932552
18.30000000000006, 8.158211180418265, 0.9536597808748393
18.310000000000063, 8.15154969069062, 0.930366173622391
18.320000000000064, 8.1783822859977, 0.9662573531979762
18.330000000000066, 8.169824424800836, 0.9653841555165132
18.340000000000067, 8.19897591818112, 0.9780057076911255
18.35000000000007, 8.19070701694914, 0.9602837626714811
18.36000000000007, 8.18819386454973, 0.9499243872140142
18.370000000000072, 8.216830688396675, 0.9559629616148182
18.380000000000074, 8.222556838797741, 0.966852735004403
18.390000000000075, 8.249469353912865, 0.9638585483407716
18.400000000000077, 8.276254005325447, 0.9404431041227905
18.41000000000008, 8.268398873460217, 0.9597005715244379
18.42000000000008, 8.263273108589168, 0.9370328519897602
18.43000000000008, 8.313616705245865, 0.991971234129209
18.440000000000083, 8.283256505010348, 1.0282770686056681
18.450000000000085, 8.2782303680157, 1.0253724993618996
18.460000000000086, 8.306953387954769, 1.0173691810366752
18.470000000000088, 8.320568793120463, 1.0234452381473003
18.48000000000009, 8.29913740065394, 1.0371747190068363
18.49000000000009, 8.31515015135563, 1.0337952561419632
18.500000000000092, 8.32849039155688, 1.0424367067614102
18.510000000000094, 8.307174162828424, 1.0368718533254402
18.520000000000095, 8.302117133270684, 1.0336119960646464
18.530000000000097, 8.282012438158533, 1.0590961100683443
18.5400000000001, 8.2866811354694, 1.0460631376941167
18.5500000000001, 8.30396164622956, 1.039478106702055
18.5600000000001, 8.310347439108334, 1.0425549106565308
18.570000000000103, 8.323774562544171, 1.0196665830235192
18.580000000000105, 8.34526840905903, 1.0547598521514787
18.590000000000106, 8.308709639243629, 1.0368802665851777
18.600000000000108, 8.3056102686874, 1.0725697646760786
18.61000000000011, 8.30310772829512, 1.0662104736934992
18.62000000000011, 8.305712667043048, 1.0424395122839787
18.630000000000113, 8.287955760158246, 1.041470104286444
18.640000000000114, 8.277397254347655, 1.0424742676041858
18.650000000000116, 8.328419065595876, 1.0677361016256017
18.660000000000117, 8.307301405117299, 1.0808873919360413
18.67000000000012, 8.32545162330425, 1.1343300279885906
18.68000000000012, 8.321131262664691, 1.1144558924978527
18.690000000000122, 8.302015906751057, 1.1137221699128956
18.700000000000124, 8.336451786926322, 1.124056668107793
18.710000000000125, 8.346003337671167, 1.125567551395984
18.720000000000127, 8.389720736425605, 1.149882486553609
18.73000000000013, 8.406288580952578, 1.1494927980177976
18.74000000000013, 8.386725080678502, 1.1568060456681188
18.75000000000013, 8.404021201438319, 1.1807491147499638
18.760000000000133, 8.431731571734527, 1.1729301588639813
18.770000000000135, 8.432289685830376, 1.1809862446974948
18.780000000000136, 8.41780168212709, 1.1786594309051974
18.790000000000138, 8.434395334249565, 1.164263656246543
18.80000000000014, 8.455108996351113, 1.1395885699712498
18.81000000000014, 8.484504959973469, 1.1357458226413375
18.820000000000142, 8.484775423498604, 1.1388150445053156
18.830000000000144, 8.460958803916506, 1.1570251940095935
18.840000000000146, 8.43453152194541, 1.1745961185595073
18.850000000000147, 8.438798569550132, 1.1741737209685683
18.86000000000015, 8.45000776666315, 1.1841468914152662
18.87000000000015, 8.430774942381758, 1.164831663666093
18.88000000000015, 8.426638482377026, 1.1576030620371622
18.890000000000153, 8.439544125420461, 1.1438081975333783
18.900000000000155, 8.439821190962862, 1.1289398461596152
18.910000000000156, 8.452401321343165, 1.155385843157745
18.920000000000158, 8.482599601353654, 1.1713419443563406
18.93000000000016, 8.51284764934348, 1.130496416027732
18.94000000000016, 8.510123518191971, 1.1399943418124219
18.950000000000163, 8.50068919445326, 1.1372071866055158
18.960000000000164, 8.509652960142924, 1.1316805415039048
18.970000000000166, 8.537525755044445, 1.1467064800882736
18.980000000000167, 8.532513012092691, 1.172076992540956
18.99000000000017, 8.545093275226082, 1.1975545639023832
19.00000000000017, 8.540906872305525, 1.1972736917870226
19.010000000000172, 8.564270929974759, 1.1687965082738396
19.020000000000174, 8.577501608882852, 1.162778886132672
19.030000000000175, 8.573893573681678, 1.1460659277847525
19.040000000000177, 8.582059355240803, 1.1416871899041223
19.05000000000018, 8.584523058421595, 1.1403008769403593
19.06000000000018, 8.595650013476522, 1.1414869043703106
19.07000000000018, 8.589231017734438, 1.127377617823285
19.080000000000183, 8.625509814762767, 1.1061815199070721
19.090000000000185, 8.617425244762254, 1.0884492673919344
19.100000000000186, 8.596230335950626, 1.077683985074538
19.110000000000188, 8.607088290019215, 1.0692375798585598
19.12000000000019, 8.598981560051728, 1.1266311435394059
19.13000000000019, 8.610780754026537, 1.1638034730923892
19.140000000000192, 8.613270669140793, 1.17946831490314
19.150000000000194, 8.609352451340673, 1.1535915978184992
19.160000000000196, 8.624938780635775, 1.2096983374487325
19.170000000000197, 8.66815717405542, 1.221744517941048
19.1800000000002, 8.654425010288683, 1.2175874770077866
19.1900000000002, 8.665424038904325, 1.217569517345206
19.200000000000202, 8.677624550102394, 1.236142914292626
19.210000000000203, 8.704457468164145, 1.2186179601788087
19.220000000000205, 8.675627976150347, 1.2086497794921447
19.230000000000206, 8.654887490313026, 1.208441506079489
19.240000000000208, 8.629777452919019, 1.219188701178468
19.25000000000021, 8.615564514439425, 1.2282501816725515
